	0	36.2899	13.4105	0	15.2357	7.92	0	7.74799	7.94815	0	7.74742	7.93514	0
	38.1612	0	0	37.8507	0	0	0	0	0	0	0	0	0
	0	0	0	7.57862	0	0	0	0	0	0	0	0	7.74678
	0	7.50505	7.56158	0	7.78908	7.94	0	7.72576	7.9441	0	7.61749	7.72449	0
	7.45889	0	0	7.48841	0	0	0	0	0	0	0	0	0
	0	0	0	17.441	0	0	0	0	0	0	0	0	7.81184
	0	7.5615	13.0484	0	13.0232	7.96154	0	7.69652	7.9386	0	7.73301	7.60606	0
	7.6629	0	0	17.8209	0	0	0	0	0	0	0	0	0
	0	0	0	33.6283	0	0	0	0	0	0	0	0	7.74599
	0	7.67485	13.9946	0	14.2754	7.95238	0	7.75881	7.92806	0	7.7451	7.37079	0
	7.65678	0	0	16.3168	0	0	0	0	0	0	0	0	0
	0	0	0	0	0	0	0	0	0	0	0	0	37.9024
	0	7.94845	7.65789	0	7.81282	7.93827	0	7.68464	7.93388	0	7.71892	37.1761	0
