	0	12.0966	4.47018	0	5.07857	2.64	0	2.58266	2.64938	0	2.58247	2.64505	0
	12.7204	0	0	12.6169	0	0	0	0	0	0	0	0	0
	0	0	0	2.52621	0	0	0	0	0	0	0	0	2.58226
	0	2.50168	2.52053	0	2.59636	2.64667	0	2.57525	2.64803	0	2.53916	2.57483	0
	2.4863	0	0	2.49614	0	0	0	0	0	0	0	0	0
	0	0	0	5.81366	0	0	0	0	0	0	0	0	2.60395
	0	2.5205	4.34946	0	4.34107	2.65385	0	2.56551	2.6462	0	2.57767	2.53535	0
	2.5543	0	0	5.94029	0	0	0	0	0	0	0	0	0
	0	0	0	11.2094	0	0	0	0	0	0	0	0	2.582
	0	2.55828	4.66487	0	4.75845	2.65079	0	2.58627	2.64269	0	2.5817	2.45693	0
	2.55226	0	0	5.43894	0	0	0	0	0	0	0	0	0
	0	0	0	0	0	0	0	0	0	0	0	0	12.6341
	0	2.64948	2.55263	0	2.60427	2.64609	0	2.56155	2.64463	0	2.57297	12.392	0
