	0	2.92345	3.23864	0	9.56856	1.72315	0	6.40985	2.32625	0	3.33333	3.17143	0
	15.6522	0	0	15.4091	0	0	0	0	0	0	0	0	0
	0	0	0	8.14456	0	0	0	0	0	0	0	0	3.99429
	0	3.375	3.48897	0	9.04086	1.72315	0	6.14642	2.74588	0	3.11578	3.34281	0
	11.431	0	0	11.7681	0	0	0	0	0	0	0	0	0
	0	0	0	15.8819	0	0	0	0	0	0	0	0	8.06708
	0	3.2103	3.22171	0	10.3298	1.35574	0	6.88258	1.97118	0	3.52689	2.82252	0
	7.56849	0	0	15.5158	0	0	0	0	0	0	0	0	0
	0	0	0	12.1967	0	0	0	0	0	0	0	0	11.6828
	0	2.8156	3.22264	0	9.47504	1.49555	0	6.35476	2.44862	0	3.5132	3.11416	0
	4.05208	0	0	11.3668	0	0	0	0	0	0	0	0	0
	0	0	0	0	0	0	0	0	0	0	0	0	15.5565
	0	3.33095	2.59718	0	9.80737	1.39495	0	6.34369	2.08411	0	3.197	3.02666	0
