	0.4	0.2	0
	0.4	0.2	0.0120975
	0.41	0.2	0
	0.41	0.2	0.0120975
	0.42	0.2	0
	0.42	0.2	0.0120975
	0.43	0.2	0
	0.43	0.2	0.0120975
	0.44	0.2	0
	0.44	0.2	0.0120975
	0.45	0.2	0
	0.45	0.2	0.0120975
	0.46	0.2	0
	0.46	0.2	0.0120975
	0.47	0.2	0
	0.47	0.2	0.0120975
	0.48	0.2	0
	0.48	0.2	0.0120975
	0.49	0.2	0
	0.49	0.2	0.0120975
	0.5	0.2	0
	0.5	0.2	0.0120975
	0.51	0.2	0
	0.51	0.2	0.0120975
	0.52	0.2	0
	0.52	0.2	0.0120975
	0.53	0.2	0
	0.53	0.2	0.0120975
	0.54	0.2	0
	0.54	0.2	0.0120975
	0.55	0.2	0
	0.55	0.2	0.0120975
	0.56	0.2	0
	0.56	0.2	0.0120975
	0.57	0.2	0
	0.57	0.2	0.0120975
	0.58	0.2	0
	0.58	0.2	0.0120975
	0.59	0.2	0
	0.59	0.2	0.0120975
	0.6	0.2	0
	0.6	0.2	0.0120975

	0.4	0.8	0
	0.4	0.8	0.0120975
	0.41	0.8	0
	0.41	0.8	0.0120975
	0.42	0.8	0
	0.42	0.8	0.0120975
	0.43	0.8	0
	0.43	0.8	0.0120975
	0.44	0.8	0
	0.44	0.8	0.0120975
	0.45	0.8	0
	0.45	0.8	0.0120975
	0.46	0.8	0
	0.46	0.8	0.0120975
	0.47	0.8	0
	0.47	0.8	0.0120975
	0.48	0.8	0
	0.48	0.8	0.0120975
	0.49	0.8	0
	0.49	0.8	0.0120975
	0.5	0.8	0
	0.5	0.8	0.0120975
	0.51	0.8	0
	0.51	0.8	0.0120975
	0.52	0.8	0
	0.52	0.8	0.0120975
	0.53	0.8	0
	0.53	0.8	0.0120975
	0.54	0.8	0
	0.54	0.8	0.0120975
	0.55	0.8	0
	0.55	0.8	0.0120975
	0.56	0.8	0
	0.56	0.8	0.0120975
	0.57	0.8	0
	0.57	0.8	0.0120975
	0.58	0.8	0
	0.58	0.8	0.0120975
	0.59	0.8	0
	0.59	0.8	0.0120975
	0.6	0.8	0
	0.6	0.8	0.0120975


	0.4	2.2	0
	0.4	2.2	0.017294
	0.41	2.2	0
	0.41	2.2	0.017294
	0.42	2.2	0
	0.42	2.2	0.017294
	0.43	2.2	0
	0.43	2.2	0.017294
	0.44	2.2	0
	0.44	2.2	0.017294
	0.45	2.2	0
	0.45	2.2	0.017294
	0.46	2.2	0
	0.46	2.2	0.017294
	0.47	2.2	0
	0.47	2.2	0.017294
	0.48	2.2	0
	0.48	2.2	0.017294
	0.49	2.2	0
	0.49	2.2	0.017294
	0.5	2.2	0
	0.5	2.2	0.017294
	0.51	2.2	0
	0.51	2.2	0.017294
	0.52	2.2	0
	0.52	2.2	0.017294
	0.53	2.2	0
	0.53	2.2	0.017294
	0.54	2.2	0
	0.54	2.2	0.017294
	0.55	2.2	0
	0.55	2.2	0.017294
	0.56	2.2	0
	0.56	2.2	0.017294
	0.57	2.2	0
	0.57	2.2	0.017294
	0.58	2.2	0
	0.58	2.2	0.017294
	0.59	2.2	0
	0.59	2.2	0.017294
	0.6	2.2	0
	0.6	2.2	0.017294

	0.4	2.8	0
	0.4	2.8	0.017294
	0.41	2.8	0
	0.41	2.8	0.017294
	0.42	2.8	0
	0.42	2.8	0.017294
	0.43	2.8	0
	0.43	2.8	0.017294
	0.44	2.8	0
	0.44	2.8	0.017294
	0.45	2.8	0
	0.45	2.8	0.017294
	0.46	2.8	0
	0.46	2.8	0.017294
	0.47	2.8	0
	0.47	2.8	0.017294
	0.48	2.8	0
	0.48	2.8	0.017294
	0.49	2.8	0
	0.49	2.8	0.017294
	0.5	2.8	0
	0.5	2.8	0.017294
	0.51	2.8	0
	0.51	2.8	0.017294
	0.52	2.8	0
	0.52	2.8	0.017294
	0.53	2.8	0
	0.53	2.8	0.017294
	0.54	2.8	0
	0.54	2.8	0.017294
	0.55	2.8	0
	0.55	2.8	0.017294
	0.56	2.8	0
	0.56	2.8	0.017294
	0.57	2.8	0
	0.57	2.8	0.017294
	0.58	2.8	0
	0.58	2.8	0.017294
	0.59	2.8	0
	0.59	2.8	0.017294
	0.6	2.8	0
	0.6	2.8	0.017294


	0.4	4.2	0
	0.4	4.2	0.00653797
	0.41	4.2	0
	0.41	4.2	0.00653797
	0.42	4.2	0
	0.42	4.2	0.00653797
	0.43	4.2	0
	0.43	4.2	0.00653797
	0.44	4.2	0
	0.44	4.2	0.00653797
	0.45	4.2	0
	0.45	4.2	0.00653797
	0.46	4.2	0
	0.46	4.2	0.00653797
	0.47	4.2	0
	0.47	4.2	0.00653797
	0.48	4.2	0
	0.48	4.2	0.00653797
	0.49	4.2	0
	0.49	4.2	0.00653797
	0.5	4.2	0
	0.5	4.2	0.00653797
	0.51	4.2	0
	0.51	4.2	0.00653797
	0.52	4.2	0
	0.52	4.2	0.00653797
	0.53	4.2	0
	0.53	4.2	0.00653797
	0.54	4.2	0
	0.54	4.2	0.00653797
	0.55	4.2	0
	0.55	4.2	0.00653797
	0.56	4.2	0
	0.56	4.2	0.00653797
	0.57	4.2	0
	0.57	4.2	0.00653797
	0.58	4.2	0
	0.58	4.2	0.00653797
	0.59	4.2	0
	0.59	4.2	0.00653797
	0.6	4.2	0
	0.6	4.2	0.00653797

	0.4	4.8	0
	0.4	4.8	0.00653797
	0.41	4.8	0
	0.41	4.8	0.00653797
	0.42	4.8	0
	0.42	4.8	0.00653797
	0.43	4.8	0
	0.43	4.8	0.00653797
	0.44	4.8	0
	0.44	4.8	0.00653797
	0.45	4.8	0
	0.45	4.8	0.00653797
	0.46	4.8	0
	0.46	4.8	0.00653797
	0.47	4.8	0
	0.47	4.8	0.00653797
	0.48	4.8	0
	0.48	4.8	0.00653797
	0.49	4.8	0
	0.49	4.8	0.00653797
	0.5	4.8	0
	0.5	4.8	0.00653797
	0.51	4.8	0
	0.51	4.8	0.00653797
	0.52	4.8	0
	0.52	4.8	0.00653797
	0.53	4.8	0
	0.53	4.8	0.00653797
	0.54	4.8	0
	0.54	4.8	0.00653797
	0.55	4.8	0
	0.55	4.8	0.00653797
	0.56	4.8	0
	0.56	4.8	0.00653797
	0.57	4.8	0
	0.57	4.8	0.00653797
	0.58	4.8	0
	0.58	4.8	0.00653797
	0.59	4.8	0
	0.59	4.8	0.00653797
	0.6	4.8	0
	0.6	4.8	0.00653797


	0.4	6.2	0
	0.4	6.2	0.00524787
	0.41	6.2	0
	0.41	6.2	0.00524787
	0.42	6.2	0
	0.42	6.2	0.00524787
	0.43	6.2	0
	0.43	6.2	0.00524787
	0.44	6.2	0
	0.44	6.2	0.00524787
	0.45	6.2	0
	0.45	6.2	0.00524787
	0.46	6.2	0
	0.46	6.2	0.00524787
	0.47	6.2	0
	0.47	6.2	0.00524787
	0.48	6.2	0
	0.48	6.2	0.00524787
	0.49	6.2	0
	0.49	6.2	0.00524787
	0.5	6.2	0
	0.5	6.2	0.00524787
	0.51	6.2	0
	0.51	6.2	0.00524787
	0.52	6.2	0
	0.52	6.2	0.00524787
	0.53	6.2	0
	0.53	6.2	0.00524787
	0.54	6.2	0
	0.54	6.2	0.00524787
	0.55	6.2	0
	0.55	6.2	0.00524787
	0.56	6.2	0
	0.56	6.2	0.00524787
	0.57	6.2	0
	0.57	6.2	0.00524787
	0.58	6.2	0
	0.58	6.2	0.00524787
	0.59	6.2	0
	0.59	6.2	0.00524787
	0.6	6.2	0
	0.6	6.2	0.00524787

	0.4	6.8	0
	0.4	6.8	0.00524787
	0.41	6.8	0
	0.41	6.8	0.00524787
	0.42	6.8	0
	0.42	6.8	0.00524787
	0.43	6.8	0
	0.43	6.8	0.00524787
	0.44	6.8	0
	0.44	6.8	0.00524787
	0.45	6.8	0
	0.45	6.8	0.00524787
	0.46	6.8	0
	0.46	6.8	0.00524787
	0.47	6.8	0
	0.47	6.8	0.00524787
	0.48	6.8	0
	0.48	6.8	0.00524787
	0.49	6.8	0
	0.49	6.8	0.00524787
	0.5	6.8	0
	0.5	6.8	0.00524787
	0.51	6.8	0
	0.51	6.8	0.00524787
	0.52	6.8	0
	0.52	6.8	0.00524787
	0.53	6.8	0
	0.53	6.8	0.00524787
	0.54	6.8	0
	0.54	6.8	0.00524787
	0.55	6.8	0
	0.55	6.8	0.00524787
	0.56	6.8	0
	0.56	6.8	0.00524787
	0.57	6.8	0
	0.57	6.8	0.00524787
	0.58	6.8	0
	0.58	6.8	0.00524787
	0.59	6.8	0
	0.59	6.8	0.00524787
	0.6	6.8	0
	0.6	6.8	0.00524787


	0.4	8.2	0
	0.4	8.2	0.00401399
	0.41	8.2	0
	0.41	8.2	0.00401399
	0.42	8.2	0
	0.42	8.2	0.00401399
	0.43	8.2	0
	0.43	8.2	0.00401399
	0.44	8.2	0
	0.44	8.2	0.00401399
	0.45	8.2	0
	0.45	8.2	0.00401399
	0.46	8.2	0
	0.46	8.2	0.00401399
	0.47	8.2	0
	0.47	8.2	0.00401399
	0.48	8.2	0
	0.48	8.2	0.00401399
	0.49	8.2	0
	0.49	8.2	0.00401399
	0.5	8.2	0
	0.5	8.2	0.00401399
	0.51	8.2	0
	0.51	8.2	0.00401399
	0.52	8.2	0
	0.52	8.2	0.00401399
	0.53	8.2	0
	0.53	8.2	0.00401399
	0.54	8.2	0
	0.54	8.2	0.00401399
	0.55	8.2	0
	0.55	8.2	0.00401399
	0.56	8.2	0
	0.56	8.2	0.00401399
	0.57	8.2	0
	0.57	8.2	0.00401399
	0.58	8.2	0
	0.58	8.2	0.00401399
	0.59	8.2	0
	0.59	8.2	0.00401399
	0.6	8.2	0
	0.6	8.2	0.00401399

	0.4	8.8	0
	0.4	8.8	0.00401399
	0.41	8.8	0
	0.41	8.8	0.00401399
	0.42	8.8	0
	0.42	8.8	0.00401399
	0.43	8.8	0
	0.43	8.8	0.00401399
	0.44	8.8	0
	0.44	8.8	0.00401399
	0.45	8.8	0
	0.45	8.8	0.00401399
	0.46	8.8	0
	0.46	8.8	0.00401399
	0.47	8.8	0
	0.47	8.8	0.00401399
	0.48	8.8	0
	0.48	8.8	0.00401399
	0.49	8.8	0
	0.49	8.8	0.00401399
	0.5	8.8	0
	0.5	8.8	0.00401399
	0.51	8.8	0
	0.51	8.8	0.00401399
	0.52	8.8	0
	0.52	8.8	0.00401399
	0.53	8.8	0
	0.53	8.8	0.00401399
	0.54	8.8	0
	0.54	8.8	0.00401399
	0.55	8.8	0
	0.55	8.8	0.00401399
	0.56	8.8	0
	0.56	8.8	0.00401399
	0.57	8.8	0
	0.57	8.8	0.00401399
	0.58	8.8	0
	0.58	8.8	0.00401399
	0.59	8.8	0
	0.59	8.8	0.00401399
	0.6	8.8	0
	0.6	8.8	0.00401399


	1.4	0.2	0
	1.4	0.2	0.0105478
	1.41	0.2	0
	1.41	0.2	0.0105478
	1.42	0.2	0
	1.42	0.2	0.0105478
	1.43	0.2	0
	1.43	0.2	0.0105478
	1.44	0.2	0
	1.44	0.2	0.0105478
	1.45	0.2	0
	1.45	0.2	0.0105478
	1.46	0.2	0
	1.46	0.2	0.0105478
	1.47	0.2	0
	1.47	0.2	0.0105478
	1.48	0.2	0
	1.48	0.2	0.0105478
	1.49	0.2	0
	1.49	0.2	0.0105478
	1.5	0.2	0
	1.5	0.2	0.0105478
	1.51	0.2	0
	1.51	0.2	0.0105478
	1.52	0.2	0
	1.52	0.2	0.0105478
	1.53	0.2	0
	1.53	0.2	0.0105478
	1.54	0.2	0
	1.54	0.2	0.0105478
	1.55	0.2	0
	1.55	0.2	0.0105478
	1.56	0.2	0
	1.56	0.2	0.0105478
	1.57	0.2	0
	1.57	0.2	0.0105478
	1.58	0.2	0
	1.58	0.2	0.0105478
	1.59	0.2	0
	1.59	0.2	0.0105478
	1.6	0.2	0
	1.6	0.2	0.0105478

	1.4	0.8	0
	1.4	0.8	0.0105478
	1.41	0.8	0
	1.41	0.8	0.0105478
	1.42	0.8	0
	1.42	0.8	0.0105478
	1.43	0.8	0
	1.43	0.8	0.0105478
	1.44	0.8	0
	1.44	0.8	0.0105478
	1.45	0.8	0
	1.45	0.8	0.0105478
	1.46	0.8	0
	1.46	0.8	0.0105478
	1.47	0.8	0
	1.47	0.8	0.0105478
	1.48	0.8	0
	1.48	0.8	0.0105478
	1.49	0.8	0
	1.49	0.8	0.0105478
	1.5	0.8	0
	1.5	0.8	0.0105478
	1.51	0.8	0
	1.51	0.8	0.0105478
	1.52	0.8	0
	1.52	0.8	0.0105478
	1.53	0.8	0
	1.53	0.8	0.0105478
	1.54	0.8	0
	1.54	0.8	0.0105478
	1.55	0.8	0
	1.55	0.8	0.0105478
	1.56	0.8	0
	1.56	0.8	0.0105478
	1.57	0.8	0
	1.57	0.8	0.0105478
	1.58	0.8	0
	1.58	0.8	0.0105478
	1.59	0.8	0
	1.59	0.8	0.0105478
	1.6	0.8	0
	1.6	0.8	0.0105478


	1.4	2.2	0
	1.4	2.2	0.0200965
	1.41	2.2	0
	1.41	2.2	0.0200965
	1.42	2.2	0
	1.42	2.2	0.0200965
	1.43	2.2	0
	1.43	2.2	0.0200965
	1.44	2.2	0
	1.44	2.2	0.0200965
	1.45	2.2	0
	1.45	2.2	0.0200965
	1.46	2.2	0
	1.46	2.2	0.0200965
	1.47	2.2	0
	1.47	2.2	0.0200965
	1.48	2.2	0
	1.48	2.2	0.0200965
	1.49	2.2	0
	1.49	2.2	0.0200965
	1.5	2.2	0
	1.5	2.2	0.0200965
	1.51	2.2	0
	1.51	2.2	0.0200965
	1.52	2.2	0
	1.52	2.2	0.0200965
	1.53	2.2	0
	1.53	2.2	0.0200965
	1.54	2.2	0
	1.54	2.2	0.0200965
	1.55	2.2	0
	1.55	2.2	0.0200965
	1.56	2.2	0
	1.56	2.2	0.0200965
	1.57	2.2	0
	1.57	2.2	0.0200965
	1.58	2.2	0
	1.58	2.2	0.0200965
	1.59	2.2	0
	1.59	2.2	0.0200965
	1.6	2.2	0
	1.6	2.2	0.0200965

	1.4	2.8	0
	1.4	2.8	0.0200965
	1.41	2.8	0
	1.41	2.8	0.0200965
	1.42	2.8	0
	1.42	2.8	0.0200965
	1.43	2.8	0
	1.43	2.8	0.0200965
	1.44	2.8	0
	1.44	2.8	0.0200965
	1.45	2.8	0
	1.45	2.8	0.0200965
	1.46	2.8	0
	1.46	2.8	0.0200965
	1.47	2.8	0
	1.47	2.8	0.0200965
	1.48	2.8	0
	1.48	2.8	0.0200965
	1.49	2.8	0
	1.49	2.8	0.0200965
	1.5	2.8	0
	1.5	2.8	0.0200965
	1.51	2.8	0
	1.51	2.8	0.0200965
	1.52	2.8	0
	1.52	2.8	0.0200965
	1.53	2.8	0
	1.53	2.8	0.0200965
	1.54	2.8	0
	1.54	2.8	0.0200965
	1.55	2.8	0
	1.55	2.8	0.0200965
	1.56	2.8	0
	1.56	2.8	0.0200965
	1.57	2.8	0
	1.57	2.8	0.0200965
	1.58	2.8	0
	1.58	2.8	0.0200965
	1.59	2.8	0
	1.59	2.8	0.0200965
	1.6	2.8	0
	1.6	2.8	0.0200965


	1.4	4.2	0
	1.4	4.2	0.0065095
	1.41	4.2	0
	1.41	4.2	0.0065095
	1.42	4.2	0
	1.42	4.2	0.0065095
	1.43	4.2	0
	1.43	4.2	0.0065095
	1.44	4.2	0
	1.44	4.2	0.0065095
	1.45	4.2	0
	1.45	4.2	0.0065095
	1.46	4.2	0
	1.46	4.2	0.0065095
	1.47	4.2	0
	1.47	4.2	0.0065095
	1.48	4.2	0
	1.48	4.2	0.0065095
	1.49	4.2	0
	1.49	4.2	0.0065095
	1.5	4.2	0
	1.5	4.2	0.0065095
	1.51	4.2	0
	1.51	4.2	0.0065095
	1.52	4.2	0
	1.52	4.2	0.0065095
	1.53	4.2	0
	1.53	4.2	0.0065095
	1.54	4.2	0
	1.54	4.2	0.0065095
	1.55	4.2	0
	1.55	4.2	0.0065095
	1.56	4.2	0
	1.56	4.2	0.0065095
	1.57	4.2	0
	1.57	4.2	0.0065095
	1.58	4.2	0
	1.58	4.2	0.0065095
	1.59	4.2	0
	1.59	4.2	0.0065095
	1.6	4.2	0
	1.6	4.2	0.0065095

	1.4	4.8	0
	1.4	4.8	0.0065095
	1.41	4.8	0
	1.41	4.8	0.0065095
	1.42	4.8	0
	1.42	4.8	0.0065095
	1.43	4.8	0
	1.43	4.8	0.0065095
	1.44	4.8	0
	1.44	4.8	0.0065095
	1.45	4.8	0
	1.45	4.8	0.0065095
	1.46	4.8	0
	1.46	4.8	0.0065095
	1.47	4.8	0
	1.47	4.8	0.0065095
	1.48	4.8	0
	1.48	4.8	0.0065095
	1.49	4.8	0
	1.49	4.8	0.0065095
	1.5	4.8	0
	1.5	4.8	0.0065095
	1.51	4.8	0
	1.51	4.8	0.0065095
	1.52	4.8	0
	1.52	4.8	0.0065095
	1.53	4.8	0
	1.53	4.8	0.0065095
	1.54	4.8	0
	1.54	4.8	0.0065095
	1.55	4.8	0
	1.55	4.8	0.0065095
	1.56	4.8	0
	1.56	4.8	0.0065095
	1.57	4.8	0
	1.57	4.8	0.0065095
	1.58	4.8	0
	1.58	4.8	0.0065095
	1.59	4.8	0
	1.59	4.8	0.0065095
	1.6	4.8	0
	1.6	4.8	0.0065095


	1.4	6.2	0
	1.4	6.2	0.0052388
	1.41	6.2	0
	1.41	6.2	0.0052388
	1.42	6.2	0
	1.42	6.2	0.0052388
	1.43	6.2	0
	1.43	6.2	0.0052388
	1.44	6.2	0
	1.44	6.2	0.0052388
	1.45	6.2	0
	1.45	6.2	0.0052388
	1.46	6.2	0
	1.46	6.2	0.0052388
	1.47	6.2	0
	1.47	6.2	0.0052388
	1.48	6.2	0
	1.48	6.2	0.0052388
	1.49	6.2	0
	1.49	6.2	0.0052388
	1.5	6.2	0
	1.5	6.2	0.0052388
	1.51	6.2	0
	1.51	6.2	0.0052388
	1.52	6.2	0
	1.52	6.2	0.0052388
	1.53	6.2	0
	1.53	6.2	0.0052388
	1.54	6.2	0
	1.54	6.2	0.0052388
	1.55	6.2	0
	1.55	6.2	0.0052388
	1.56	6.2	0
	1.56	6.2	0.0052388
	1.57	6.2	0
	1.57	6.2	0.0052388
	1.58	6.2	0
	1.58	6.2	0.0052388
	1.59	6.2	0
	1.59	6.2	0.0052388
	1.6	6.2	0
	1.6	6.2	0.0052388

	1.4	6.8	0
	1.4	6.8	0.0052388
	1.41	6.8	0
	1.41	6.8	0.0052388
	1.42	6.8	0
	1.42	6.8	0.0052388
	1.43	6.8	0
	1.43	6.8	0.0052388
	1.44	6.8	0
	1.44	6.8	0.0052388
	1.45	6.8	0
	1.45	6.8	0.0052388
	1.46	6.8	0
	1.46	6.8	0.0052388
	1.47	6.8	0
	1.47	6.8	0.0052388
	1.48	6.8	0
	1.48	6.8	0.0052388
	1.49	6.8	0
	1.49	6.8	0.0052388
	1.5	6.8	0
	1.5	6.8	0.0052388
	1.51	6.8	0
	1.51	6.8	0.0052388
	1.52	6.8	0
	1.52	6.8	0.0052388
	1.53	6.8	0
	1.53	6.8	0.0052388
	1.54	6.8	0
	1.54	6.8	0.0052388
	1.55	6.8	0
	1.55	6.8	0.0052388
	1.56	6.8	0
	1.56	6.8	0.0052388
	1.57	6.8	0
	1.57	6.8	0.0052388
	1.58	6.8	0
	1.58	6.8	0.0052388
	1.59	6.8	0
	1.59	6.8	0.0052388
	1.6	6.8	0
	1.6	6.8	0.0052388


	1.4	8.2	0
	1.4	8.2	0.00617058
	1.41	8.2	0
	1.41	8.2	0.00617058
	1.42	8.2	0
	1.42	8.2	0.00617058
	1.43	8.2	0
	1.43	8.2	0.00617058
	1.44	8.2	0
	1.44	8.2	0.00617058
	1.45	8.2	0
	1.45	8.2	0.00617058
	1.46	8.2	0
	1.46	8.2	0.00617058
	1.47	8.2	0
	1.47	8.2	0.00617058
	1.48	8.2	0
	1.48	8.2	0.00617058
	1.49	8.2	0
	1.49	8.2	0.00617058
	1.5	8.2	0
	1.5	8.2	0.00617058
	1.51	8.2	0
	1.51	8.2	0.00617058
	1.52	8.2	0
	1.52	8.2	0.00617058
	1.53	8.2	0
	1.53	8.2	0.00617058
	1.54	8.2	0
	1.54	8.2	0.00617058
	1.55	8.2	0
	1.55	8.2	0.00617058
	1.56	8.2	0
	1.56	8.2	0.00617058
	1.57	8.2	0
	1.57	8.2	0.00617058
	1.58	8.2	0
	1.58	8.2	0.00617058
	1.59	8.2	0
	1.59	8.2	0.00617058
	1.6	8.2	0
	1.6	8.2	0.00617058

	1.4	8.8	0
	1.4	8.8	0.00617058
	1.41	8.8	0
	1.41	8.8	0.00617058
	1.42	8.8	0
	1.42	8.8	0.00617058
	1.43	8.8	0
	1.43	8.8	0.00617058
	1.44	8.8	0
	1.44	8.8	0.00617058
	1.45	8.8	0
	1.45	8.8	0.00617058
	1.46	8.8	0
	1.46	8.8	0.00617058
	1.47	8.8	0
	1.47	8.8	0.00617058
	1.48	8.8	0
	1.48	8.8	0.00617058
	1.49	8.8	0
	1.49	8.8	0.00617058
	1.5	8.8	0
	1.5	8.8	0.00617058
	1.51	8.8	0
	1.51	8.8	0.00617058
	1.52	8.8	0
	1.52	8.8	0.00617058
	1.53	8.8	0
	1.53	8.8	0.00617058
	1.54	8.8	0
	1.54	8.8	0.00617058
	1.55	8.8	0
	1.55	8.8	0.00617058
	1.56	8.8	0
	1.56	8.8	0.00617058
	1.57	8.8	0
	1.57	8.8	0.00617058
	1.58	8.8	0
	1.58	8.8	0.00617058
	1.59	8.8	0
	1.59	8.8	0.00617058
	1.6	8.8	0
	1.6	8.8	0.00617058


	2.4	0.2	0
	2.4	0.2	0.00804396
	2.41	0.2	0
	2.41	0.2	0.00804396
	2.42	0.2	0
	2.42	0.2	0.00804396
	2.43	0.2	0
	2.43	0.2	0.00804396
	2.44	0.2	0
	2.44	0.2	0.00804396
	2.45	0.2	0
	2.45	0.2	0.00804396
	2.46	0.2	0
	2.46	0.2	0.00804396
	2.47	0.2	0
	2.47	0.2	0.00804396
	2.48	0.2	0
	2.48	0.2	0.00804396
	2.49	0.2	0
	2.49	0.2	0.00804396
	2.5	0.2	0
	2.5	0.2	0.00804396
	2.51	0.2	0
	2.51	0.2	0.00804396
	2.52	0.2	0
	2.52	0.2	0.00804396
	2.53	0.2	0
	2.53	0.2	0.00804396
	2.54	0.2	0
	2.54	0.2	0.00804396
	2.55	0.2	0
	2.55	0.2	0.00804396
	2.56	0.2	0
	2.56	0.2	0.00804396
	2.57	0.2	0
	2.57	0.2	0.00804396
	2.58	0.2	0
	2.58	0.2	0.00804396
	2.59	0.2	0
	2.59	0.2	0.00804396
	2.6	0.2	0
	2.6	0.2	0.00804396

	2.4	0.8	0
	2.4	0.8	0.00804396
	2.41	0.8	0
	2.41	0.8	0.00804396
	2.42	0.8	0
	2.42	0.8	0.00804396
	2.43	0.8	0
	2.43	0.8	0.00804396
	2.44	0.8	0
	2.44	0.8	0.00804396
	2.45	0.8	0
	2.45	0.8	0.00804396
	2.46	0.8	0
	2.46	0.8	0.00804396
	2.47	0.8	0
	2.47	0.8	0.00804396
	2.48	0.8	0
	2.48	0.8	0.00804396
	2.49	0.8	0
	2.49	0.8	0.00804396
	2.5	0.8	0
	2.5	0.8	0.00804396
	2.51	0.8	0
	2.51	0.8	0.00804396
	2.52	0.8	0
	2.52	0.8	0.00804396
	2.53	0.8	0
	2.53	0.8	0.00804396
	2.54	0.8	0
	2.54	0.8	0.00804396
	2.55	0.8	0
	2.55	0.8	0.00804396
	2.56	0.8	0
	2.56	0.8	0.00804396
	2.57	0.8	0
	2.57	0.8	0.00804396
	2.58	0.8	0
	2.58	0.8	0.00804396
	2.59	0.8	0
	2.59	0.8	0.00804396
	2.6	0.8	0
	2.6	0.8	0.00804396


	2.4	2.2	0
	2.4	2.2	0.0265927
	2.41	2.2	0
	2.41	2.2	0.0265927
	2.42	2.2	0
	2.42	2.2	0.0265927
	2.43	2.2	0
	2.43	2.2	0.0265927
	2.44	2.2	0
	2.44	2.2	0.0265927
	2.45	2.2	0
	2.45	2.2	0.0265927
	2.46	2.2	0
	2.46	2.2	0.0265927
	2.47	2.2	0
	2.47	2.2	0.0265927
	2.48	2.2	0
	2.48	2.2	0.0265927
	2.49	2.2	0
	2.49	2.2	0.0265927
	2.5	2.2	0
	2.5	2.2	0.0265927
	2.51	2.2	0
	2.51	2.2	0.0265927
	2.52	2.2	0
	2.52	2.2	0.0265927
	2.53	2.2	0
	2.53	2.2	0.0265927
	2.54	2.2	0
	2.54	2.2	0.0265927
	2.55	2.2	0
	2.55	2.2	0.0265927
	2.56	2.2	0
	2.56	2.2	0.0265927
	2.57	2.2	0
	2.57	2.2	0.0265927
	2.58	2.2	0
	2.58	2.2	0.0265927
	2.59	2.2	0
	2.59	2.2	0.0265927
	2.6	2.2	0
	2.6	2.2	0.0265927

	2.4	2.8	0
	2.4	2.8	0.0265927
	2.41	2.8	0
	2.41	2.8	0.0265927
	2.42	2.8	0
	2.42	2.8	0.0265927
	2.43	2.8	0
	2.43	2.8	0.0265927
	2.44	2.8	0
	2.44	2.8	0.0265927
	2.45	2.8	0
	2.45	2.8	0.0265927
	2.46	2.8	0
	2.46	2.8	0.0265927
	2.47	2.8	0
	2.47	2.8	0.0265927
	2.48	2.8	0
	2.48	2.8	0.0265927
	2.49	2.8	0
	2.49	2.8	0.0265927
	2.5	2.8	0
	2.5	2.8	0.0265927
	2.51	2.8	0
	2.51	2.8	0.0265927
	2.52	2.8	0
	2.52	2.8	0.0265927
	2.53	2.8	0
	2.53	2.8	0.0265927
	2.54	2.8	0
	2.54	2.8	0.0265927
	2.55	2.8	0
	2.55	2.8	0.0265927
	2.56	2.8	0
	2.56	2.8	0.0265927
	2.57	2.8	0
	2.57	2.8	0.0265927
	2.58	2.8	0
	2.58	2.8	0.0265927
	2.59	2.8	0
	2.59	2.8	0.0265927
	2.6	2.8	0
	2.6	2.8	0.0265927


	2.4	4.2	0
	2.4	4.2	0.0067447
	2.41	4.2	0
	2.41	4.2	0.0067447
	2.42	4.2	0
	2.42	4.2	0.0067447
	2.43	4.2	0
	2.43	4.2	0.0067447
	2.44	4.2	0
	2.44	4.2	0.0067447
	2.45	4.2	0
	2.45	4.2	0.0067447
	2.46	4.2	0
	2.46	4.2	0.0067447
	2.47	4.2	0
	2.47	4.2	0.0067447
	2.48	4.2	0
	2.48	4.2	0.0067447
	2.49	4.2	0
	2.49	4.2	0.0067447
	2.5	4.2	0
	2.5	4.2	0.0067447
	2.51	4.2	0
	2.51	4.2	0.0067447
	2.52	4.2	0
	2.52	4.2	0.0067447
	2.53	4.2	0
	2.53	4.2	0.0067447
	2.54	4.2	0
	2.54	4.2	0.0067447
	2.55	4.2	0
	2.55	4.2	0.0067447
	2.56	4.2	0
	2.56	4.2	0.0067447
	2.57	4.2	0
	2.57	4.2	0.0067447
	2.58	4.2	0
	2.58	4.2	0.0067447
	2.59	4.2	0
	2.59	4.2	0.0067447
	2.6	4.2	0
	2.6	4.2	0.0067447

	2.4	4.8	0
	2.4	4.8	0.0067447
	2.41	4.8	0
	2.41	4.8	0.0067447
	2.42	4.8	0
	2.42	4.8	0.0067447
	2.43	4.8	0
	2.43	4.8	0.0067447
	2.44	4.8	0
	2.44	4.8	0.0067447
	2.45	4.8	0
	2.45	4.8	0.0067447
	2.46	4.8	0
	2.46	4.8	0.0067447
	2.47	4.8	0
	2.47	4.8	0.0067447
	2.48	4.8	0
	2.48	4.8	0.0067447
	2.49	4.8	0
	2.49	4.8	0.0067447
	2.5	4.8	0
	2.5	4.8	0.0067447
	2.51	4.8	0
	2.51	4.8	0.0067447
	2.52	4.8	0
	2.52	4.8	0.0067447
	2.53	4.8	0
	2.53	4.8	0.0067447
	2.54	4.8	0
	2.54	4.8	0.0067447
	2.55	4.8	0
	2.55	4.8	0.0067447
	2.56	4.8	0
	2.56	4.8	0.0067447
	2.57	4.8	0
	2.57	4.8	0.0067447
	2.58	4.8	0
	2.58	4.8	0.0067447
	2.59	4.8	0
	2.59	4.8	0.0067447
	2.6	4.8	0
	2.6	4.8	0.0067447


	2.4	6.2	0
	2.4	6.2	0.00533168
	2.41	6.2	0
	2.41	6.2	0.00533168
	2.42	6.2	0
	2.42	6.2	0.00533168
	2.43	6.2	0
	2.43	6.2	0.00533168
	2.44	6.2	0
	2.44	6.2	0.00533168
	2.45	6.2	0
	2.45	6.2	0.00533168
	2.46	6.2	0
	2.46	6.2	0.00533168
	2.47	6.2	0
	2.47	6.2	0.00533168
	2.48	6.2	0
	2.48	6.2	0.00533168
	2.49	6.2	0
	2.49	6.2	0.00533168
	2.5	6.2	0
	2.5	6.2	0.00533168
	2.51	6.2	0
	2.51	6.2	0.00533168
	2.52	6.2	0
	2.52	6.2	0.00533168
	2.53	6.2	0
	2.53	6.2	0.00533168
	2.54	6.2	0
	2.54	6.2	0.00533168
	2.55	6.2	0
	2.55	6.2	0.00533168
	2.56	6.2	0
	2.56	6.2	0.00533168
	2.57	6.2	0
	2.57	6.2	0.00533168
	2.58	6.2	0
	2.58	6.2	0.00533168
	2.59	6.2	0
	2.59	6.2	0.00533168
	2.6	6.2	0
	2.6	6.2	0.00533168

	2.4	6.8	0
	2.4	6.8	0.00533168
	2.41	6.8	0
	2.41	6.8	0.00533168
	2.42	6.8	0
	2.42	6.8	0.00533168
	2.43	6.8	0
	2.43	6.8	0.00533168
	2.44	6.8	0
	2.44	6.8	0.00533168
	2.45	6.8	0
	2.45	6.8	0.00533168
	2.46	6.8	0
	2.46	6.8	0.00533168
	2.47	6.8	0
	2.47	6.8	0.00533168
	2.48	6.8	0
	2.48	6.8	0.00533168
	2.49	6.8	0
	2.49	6.8	0.00533168
	2.5	6.8	0
	2.5	6.8	0.00533168
	2.51	6.8	0
	2.51	6.8	0.00533168
	2.52	6.8	0
	2.52	6.8	0.00533168
	2.53	6.8	0
	2.53	6.8	0.00533168
	2.54	6.8	0
	2.54	6.8	0.00533168
	2.55	6.8	0
	2.55	6.8	0.00533168
	2.56	6.8	0
	2.56	6.8	0.00533168
	2.57	6.8	0
	2.57	6.8	0.00533168
	2.58	6.8	0
	2.58	6.8	0.00533168
	2.59	6.8	0
	2.59	6.8	0.00533168
	2.6	6.8	0
	2.6	6.8	0.00533168


	2.4	8.2	0
	2.4	8.2	0.00838229
	2.41	8.2	0
	2.41	8.2	0.00838229
	2.42	8.2	0
	2.42	8.2	0.00838229
	2.43	8.2	0
	2.43	8.2	0.00838229
	2.44	8.2	0
	2.44	8.2	0.00838229
	2.45	8.2	0
	2.45	8.2	0.00838229
	2.46	8.2	0
	2.46	8.2	0.00838229
	2.47	8.2	0
	2.47	8.2	0.00838229
	2.48	8.2	0
	2.48	8.2	0.00838229
	2.49	8.2	0
	2.49	8.2	0.00838229
	2.5	8.2	0
	2.5	8.2	0.00838229
	2.51	8.2	0
	2.51	8.2	0.00838229
	2.52	8.2	0
	2.52	8.2	0.00838229
	2.53	8.2	0
	2.53	8.2	0.00838229
	2.54	8.2	0
	2.54	8.2	0.00838229
	2.55	8.2	0
	2.55	8.2	0.00838229
	2.56	8.2	0
	2.56	8.2	0.00838229
	2.57	8.2	0
	2.57	8.2	0.00838229
	2.58	8.2	0
	2.58	8.2	0.00838229
	2.59	8.2	0
	2.59	8.2	0.00838229
	2.6	8.2	0
	2.6	8.2	0.00838229

	2.4	8.8	0
	2.4	8.8	0.00838229
	2.41	8.8	0
	2.41	8.8	0.00838229
	2.42	8.8	0
	2.42	8.8	0.00838229
	2.43	8.8	0
	2.43	8.8	0.00838229
	2.44	8.8	0
	2.44	8.8	0.00838229
	2.45	8.8	0
	2.45	8.8	0.00838229
	2.46	8.8	0
	2.46	8.8	0.00838229
	2.47	8.8	0
	2.47	8.8	0.00838229
	2.48	8.8	0
	2.48	8.8	0.00838229
	2.49	8.8	0
	2.49	8.8	0.00838229
	2.5	8.8	0
	2.5	8.8	0.00838229
	2.51	8.8	0
	2.51	8.8	0.00838229
	2.52	8.8	0
	2.52	8.8	0.00838229
	2.53	8.8	0
	2.53	8.8	0.00838229
	2.54	8.8	0
	2.54	8.8	0.00838229
	2.55	8.8	0
	2.55	8.8	0.00838229
	2.56	8.8	0
	2.56	8.8	0.00838229
	2.57	8.8	0
	2.57	8.8	0.00838229
	2.58	8.8	0
	2.58	8.8	0.00838229
	2.59	8.8	0
	2.59	8.8	0.00838229
	2.6	8.8	0
	2.6	8.8	0.00838229


	3.4	0.2	0
	3.4	0.2	0.00590651
	3.41	0.2	0
	3.41	0.2	0.00590651
	3.42	0.2	0
	3.42	0.2	0.00590651
	3.43	0.2	0
	3.43	0.2	0.00590651
	3.44	0.2	0
	3.44	0.2	0.00590651
	3.45	0.2	0
	3.45	0.2	0.00590651
	3.46	0.2	0
	3.46	0.2	0.00590651
	3.47	0.2	0
	3.47	0.2	0.00590651
	3.48	0.2	0
	3.48	0.2	0.00590651
	3.49	0.2	0
	3.49	0.2	0.00590651
	3.5	0.2	0
	3.5	0.2	0.00590651
	3.51	0.2	0
	3.51	0.2	0.00590651
	3.52	0.2	0
	3.52	0.2	0.00590651
	3.53	0.2	0
	3.53	0.2	0.00590651
	3.54	0.2	0
	3.54	0.2	0.00590651
	3.55	0.2	0
	3.55	0.2	0.00590651
	3.56	0.2	0
	3.56	0.2	0.00590651
	3.57	0.2	0
	3.57	0.2	0.00590651
	3.58	0.2	0
	3.58	0.2	0.00590651
	3.59	0.2	0
	3.59	0.2	0.00590651
	3.6	0.2	0
	3.6	0.2	0.00590651

	3.4	0.8	0
	3.4	0.8	0.00590651
	3.41	0.8	0
	3.41	0.8	0.00590651
	3.42	0.8	0
	3.42	0.8	0.00590651
	3.43	0.8	0
	3.43	0.8	0.00590651
	3.44	0.8	0
	3.44	0.8	0.00590651
	3.45	0.8	0
	3.45	0.8	0.00590651
	3.46	0.8	0
	3.46	0.8	0.00590651
	3.47	0.8	0
	3.47	0.8	0.00590651
	3.48	0.8	0
	3.48	0.8	0.00590651
	3.49	0.8	0
	3.49	0.8	0.00590651
	3.5	0.8	0
	3.5	0.8	0.00590651
	3.51	0.8	0
	3.51	0.8	0.00590651
	3.52	0.8	0
	3.52	0.8	0.00590651
	3.53	0.8	0
	3.53	0.8	0.00590651
	3.54	0.8	0
	3.54	0.8	0.00590651
	3.55	0.8	0
	3.55	0.8	0.00590651
	3.56	0.8	0
	3.56	0.8	0.00590651
	3.57	0.8	0
	3.57	0.8	0.00590651
	3.58	0.8	0
	3.58	0.8	0.00590651
	3.59	0.8	0
	3.59	0.8	0.00590651
	3.6	0.8	0
	3.6	0.8	0.00590651


	3.4	2.2	0
	3.4	2.2	0.021649
	3.41	2.2	0
	3.41	2.2	0.021649
	3.42	2.2	0
	3.42	2.2	0.021649
	3.43	2.2	0
	3.43	2.2	0.021649
	3.44	2.2	0
	3.44	2.2	0.021649
	3.45	2.2	0
	3.45	2.2	0.021649
	3.46	2.2	0
	3.46	2.2	0.021649
	3.47	2.2	0
	3.47	2.2	0.021649
	3.48	2.2	0
	3.48	2.2	0.021649
	3.49	2.2	0
	3.49	2.2	0.021649
	3.5	2.2	0
	3.5	2.2	0.021649
	3.51	2.2	0
	3.51	2.2	0.021649
	3.52	2.2	0
	3.52	2.2	0.021649
	3.53	2.2	0
	3.53	2.2	0.021649
	3.54	2.2	0
	3.54	2.2	0.021649
	3.55	2.2	0
	3.55	2.2	0.021649
	3.56	2.2	0
	3.56	2.2	0.021649
	3.57	2.2	0
	3.57	2.2	0.021649
	3.58	2.2	0
	3.58	2.2	0.021649
	3.59	2.2	0
	3.59	2.2	0.021649
	3.6	2.2	0
	3.6	2.2	0.021649

	3.4	2.8	0
	3.4	2.8	0.021649
	3.41	2.8	0
	3.41	2.8	0.021649
	3.42	2.8	0
	3.42	2.8	0.021649
	3.43	2.8	0
	3.43	2.8	0.021649
	3.44	2.8	0
	3.44	2.8	0.021649
	3.45	2.8	0
	3.45	2.8	0.021649
	3.46	2.8	0
	3.46	2.8	0.021649
	3.47	2.8	0
	3.47	2.8	0.021649
	3.48	2.8	0
	3.48	2.8	0.021649
	3.49	2.8	0
	3.49	2.8	0.021649
	3.5	2.8	0
	3.5	2.8	0.021649
	3.51	2.8	0
	3.51	2.8	0.021649
	3.52	2.8	0
	3.52	2.8	0.021649
	3.53	2.8	0
	3.53	2.8	0.021649
	3.54	2.8	0
	3.54	2.8	0.021649
	3.55	2.8	0
	3.55	2.8	0.021649
	3.56	2.8	0
	3.56	2.8	0.021649
	3.57	2.8	0
	3.57	2.8	0.021649
	3.58	2.8	0
	3.58	2.8	0.021649
	3.59	2.8	0
	3.59	2.8	0.021649
	3.6	2.8	0
	3.6	2.8	0.021649


	3.4	4.2	0
	3.4	4.2	0.00650102
	3.41	4.2	0
	3.41	4.2	0.00650102
	3.42	4.2	0
	3.42	4.2	0.00650102
	3.43	4.2	0
	3.43	4.2	0.00650102
	3.44	4.2	0
	3.44	4.2	0.00650102
	3.45	4.2	0
	3.45	4.2	0.00650102
	3.46	4.2	0
	3.46	4.2	0.00650102
	3.47	4.2	0
	3.47	4.2	0.00650102
	3.48	4.2	0
	3.48	4.2	0.00650102
	3.49	4.2	0
	3.49	4.2	0.00650102
	3.5	4.2	0
	3.5	4.2	0.00650102
	3.51	4.2	0
	3.51	4.2	0.00650102
	3.52	4.2	0
	3.52	4.2	0.00650102
	3.53	4.2	0
	3.53	4.2	0.00650102
	3.54	4.2	0
	3.54	4.2	0.00650102
	3.55	4.2	0
	3.55	4.2	0.00650102
	3.56	4.2	0
	3.56	4.2	0.00650102
	3.57	4.2	0
	3.57	4.2	0.00650102
	3.58	4.2	0
	3.58	4.2	0.00650102
	3.59	4.2	0
	3.59	4.2	0.00650102
	3.6	4.2	0
	3.6	4.2	0.00650102

	3.4	4.8	0
	3.4	4.8	0.00650102
	3.41	4.8	0
	3.41	4.8	0.00650102
	3.42	4.8	0
	3.42	4.8	0.00650102
	3.43	4.8	0
	3.43	4.8	0.00650102
	3.44	4.8	0
	3.44	4.8	0.00650102
	3.45	4.8	0
	3.45	4.8	0.00650102
	3.46	4.8	0
	3.46	4.8	0.00650102
	3.47	4.8	0
	3.47	4.8	0.00650102
	3.48	4.8	0
	3.48	4.8	0.00650102
	3.49	4.8	0
	3.49	4.8	0.00650102
	3.5	4.8	0
	3.5	4.8	0.00650102
	3.51	4.8	0
	3.51	4.8	0.00650102
	3.52	4.8	0
	3.52	4.8	0.00650102
	3.53	4.8	0
	3.53	4.8	0.00650102
	3.54	4.8	0
	3.54	4.8	0.00650102
	3.55	4.8	0
	3.55	4.8	0.00650102
	3.56	4.8	0
	3.56	4.8	0.00650102
	3.57	4.8	0
	3.57	4.8	0.00650102
	3.58	4.8	0
	3.58	4.8	0.00650102
	3.59	4.8	0
	3.59	4.8	0.00650102
	3.6	4.8	0
	3.6	4.8	0.00650102


	3.4	6.2	0
	3.4	6.2	0.00514481
	3.41	6.2	0
	3.41	6.2	0.00514481
	3.42	6.2	0
	3.42	6.2	0.00514481
	3.43	6.2	0
	3.43	6.2	0.00514481
	3.44	6.2	0
	3.44	6.2	0.00514481
	3.45	6.2	0
	3.45	6.2	0.00514481
	3.46	6.2	0
	3.46	6.2	0.00514481
	3.47	6.2	0
	3.47	6.2	0.00514481
	3.48	6.2	0
	3.48	6.2	0.00514481
	3.49	6.2	0
	3.49	6.2	0.00514481
	3.5	6.2	0
	3.5	6.2	0.00514481
	3.51	6.2	0
	3.51	6.2	0.00514481
	3.52	6.2	0
	3.52	6.2	0.00514481
	3.53	6.2	0
	3.53	6.2	0.00514481
	3.54	6.2	0
	3.54	6.2	0.00514481
	3.55	6.2	0
	3.55	6.2	0.00514481
	3.56	6.2	0
	3.56	6.2	0.00514481
	3.57	6.2	0
	3.57	6.2	0.00514481
	3.58	6.2	0
	3.58	6.2	0.00514481
	3.59	6.2	0
	3.59	6.2	0.00514481
	3.6	6.2	0
	3.6	6.2	0.00514481

	3.4	6.8	0
	3.4	6.8	0.00514481
	3.41	6.8	0
	3.41	6.8	0.00514481
	3.42	6.8	0
	3.42	6.8	0.00514481
	3.43	6.8	0
	3.43	6.8	0.00514481
	3.44	6.8	0
	3.44	6.8	0.00514481
	3.45	6.8	0
	3.45	6.8	0.00514481
	3.46	6.8	0
	3.46	6.8	0.00514481
	3.47	6.8	0
	3.47	6.8	0.00514481
	3.48	6.8	0
	3.48	6.8	0.00514481
	3.49	6.8	0
	3.49	6.8	0.00514481
	3.5	6.8	0
	3.5	6.8	0.00514481
	3.51	6.8	0
	3.51	6.8	0.00514481
	3.52	6.8	0
	3.52	6.8	0.00514481
	3.53	6.8	0
	3.53	6.8	0.00514481
	3.54	6.8	0
	3.54	6.8	0.00514481
	3.55	6.8	0
	3.55	6.8	0.00514481
	3.56	6.8	0
	3.56	6.8	0.00514481
	3.57	6.8	0
	3.57	6.8	0.00514481
	3.58	6.8	0
	3.58	6.8	0.00514481
	3.59	6.8	0
	3.59	6.8	0.00514481
	3.6	6.8	0
	3.6	6.8	0.00514481


	3.4	8.2	0
	3.4	8.2	0.0105009
	3.41	8.2	0
	3.41	8.2	0.0105009
	3.42	8.2	0
	3.42	8.2	0.0105009
	3.43	8.2	0
	3.43	8.2	0.0105009
	3.44	8.2	0
	3.44	8.2	0.0105009
	3.45	8.2	0
	3.45	8.2	0.0105009
	3.46	8.2	0
	3.46	8.2	0.0105009
	3.47	8.2	0
	3.47	8.2	0.0105009
	3.48	8.2	0
	3.48	8.2	0.0105009
	3.49	8.2	0
	3.49	8.2	0.0105009
	3.5	8.2	0
	3.5	8.2	0.0105009
	3.51	8.2	0
	3.51	8.2	0.0105009
	3.52	8.2	0
	3.52	8.2	0.0105009
	3.53	8.2	0
	3.53	8.2	0.0105009
	3.54	8.2	0
	3.54	8.2	0.0105009
	3.55	8.2	0
	3.55	8.2	0.0105009
	3.56	8.2	0
	3.56	8.2	0.0105009
	3.57	8.2	0
	3.57	8.2	0.0105009
	3.58	8.2	0
	3.58	8.2	0.0105009
	3.59	8.2	0
	3.59	8.2	0.0105009
	3.6	8.2	0
	3.6	8.2	0.0105009

	3.4	8.8	0
	3.4	8.8	0.0105009
	3.41	8.8	0
	3.41	8.8	0.0105009
	3.42	8.8	0
	3.42	8.8	0.0105009
	3.43	8.8	0
	3.43	8.8	0.0105009
	3.44	8.8	0
	3.44	8.8	0.0105009
	3.45	8.8	0
	3.45	8.8	0.0105009
	3.46	8.8	0
	3.46	8.8	0.0105009
	3.47	8.8	0
	3.47	8.8	0.0105009
	3.48	8.8	0
	3.48	8.8	0.0105009
	3.49	8.8	0
	3.49	8.8	0.0105009
	3.5	8.8	0
	3.5	8.8	0.0105009
	3.51	8.8	0
	3.51	8.8	0.0105009
	3.52	8.8	0
	3.52	8.8	0.0105009
	3.53	8.8	0
	3.53	8.8	0.0105009
	3.54	8.8	0
	3.54	8.8	0.0105009
	3.55	8.8	0
	3.55	8.8	0.0105009
	3.56	8.8	0
	3.56	8.8	0.0105009
	3.57	8.8	0
	3.57	8.8	0.0105009
	3.58	8.8	0
	3.58	8.8	0.0105009
	3.59	8.8	0
	3.59	8.8	0.0105009
	3.6	8.8	0
	3.6	8.8	0.0105009


	4.4	0.2	0
	4.4	0.2	0.00364804
	4.41	0.2	0
	4.41	0.2	0.00364804
	4.42	0.2	0
	4.42	0.2	0.00364804
	4.43	0.2	0
	4.43	0.2	0.00364804
	4.44	0.2	0
	4.44	0.2	0.00364804
	4.45	0.2	0
	4.45	0.2	0.00364804
	4.46	0.2	0
	4.46	0.2	0.00364804
	4.47	0.2	0
	4.47	0.2	0.00364804
	4.48	0.2	0
	4.48	0.2	0.00364804
	4.49	0.2	0
	4.49	0.2	0.00364804
	4.5	0.2	0
	4.5	0.2	0.00364804
	4.51	0.2	0
	4.51	0.2	0.00364804
	4.52	0.2	0
	4.52	0.2	0.00364804
	4.53	0.2	0
	4.53	0.2	0.00364804
	4.54	0.2	0
	4.54	0.2	0.00364804
	4.55	0.2	0
	4.55	0.2	0.00364804
	4.56	0.2	0
	4.56	0.2	0.00364804
	4.57	0.2	0
	4.57	0.2	0.00364804
	4.58	0.2	0
	4.58	0.2	0.00364804
	4.59	0.2	0
	4.59	0.2	0.00364804
	4.6	0.2	0
	4.6	0.2	0.00364804

	4.4	0.8	0
	4.4	0.8	0.00364804
	4.41	0.8	0
	4.41	0.8	0.00364804
	4.42	0.8	0
	4.42	0.8	0.00364804
	4.43	0.8	0
	4.43	0.8	0.00364804
	4.44	0.8	0
	4.44	0.8	0.00364804
	4.45	0.8	0
	4.45	0.8	0.00364804
	4.46	0.8	0
	4.46	0.8	0.00364804
	4.47	0.8	0
	4.47	0.8	0.00364804
	4.48	0.8	0
	4.48	0.8	0.00364804
	4.49	0.8	0
	4.49	0.8	0.00364804
	4.5	0.8	0
	4.5	0.8	0.00364804
	4.51	0.8	0
	4.51	0.8	0.00364804
	4.52	0.8	0
	4.52	0.8	0.00364804
	4.53	0.8	0
	4.53	0.8	0.00364804
	4.54	0.8	0
	4.54	0.8	0.00364804
	4.55	0.8	0
	4.55	0.8	0.00364804
	4.56	0.8	0
	4.56	0.8	0.00364804
	4.57	0.8	0
	4.57	0.8	0.00364804
	4.58	0.8	0
	4.58	0.8	0.00364804
	4.59	0.8	0
	4.59	0.8	0.00364804
	4.6	0.8	0
	4.6	0.8	0.00364804


	4.4	2.2	0
	4.4	2.2	0.00885621
	4.41	2.2	0
	4.41	2.2	0.00885621
	4.42	2.2	0
	4.42	2.2	0.00885621
	4.43	2.2	0
	4.43	2.2	0.00885621
	4.44	2.2	0
	4.44	2.2	0.00885621
	4.45	2.2	0
	4.45	2.2	0.00885621
	4.46	2.2	0
	4.46	2.2	0.00885621
	4.47	2.2	0
	4.47	2.2	0.00885621
	4.48	2.2	0
	4.48	2.2	0.00885621
	4.49	2.2	0
	4.49	2.2	0.00885621
	4.5	2.2	0
	4.5	2.2	0.00885621
	4.51	2.2	0
	4.51	2.2	0.00885621
	4.52	2.2	0
	4.52	2.2	0.00885621
	4.53	2.2	0
	4.53	2.2	0.00885621
	4.54	2.2	0
	4.54	2.2	0.00885621
	4.55	2.2	0
	4.55	2.2	0.00885621
	4.56	2.2	0
	4.56	2.2	0.00885621
	4.57	2.2	0
	4.57	2.2	0.00885621
	4.58	2.2	0
	4.58	2.2	0.00885621
	4.59	2.2	0
	4.59	2.2	0.00885621
	4.6	2.2	0
	4.6	2.2	0.00885621

	4.4	2.8	0
	4.4	2.8	0.00885621
	4.41	2.8	0
	4.41	2.8	0.00885621
	4.42	2.8	0
	4.42	2.8	0.00885621
	4.43	2.8	0
	4.43	2.8	0.00885621
	4.44	2.8	0
	4.44	2.8	0.00885621
	4.45	2.8	0
	4.45	2.8	0.00885621
	4.46	2.8	0
	4.46	2.8	0.00885621
	4.47	2.8	0
	4.47	2.8	0.00885621
	4.48	2.8	0
	4.48	2.8	0.00885621
	4.49	2.8	0
	4.49	2.8	0.00885621
	4.5	2.8	0
	4.5	2.8	0.00885621
	4.51	2.8	0
	4.51	2.8	0.00885621
	4.52	2.8	0
	4.52	2.8	0.00885621
	4.53	2.8	0
	4.53	2.8	0.00885621
	4.54	2.8	0
	4.54	2.8	0.00885621
	4.55	2.8	0
	4.55	2.8	0.00885621
	4.56	2.8	0
	4.56	2.8	0.00885621
	4.57	2.8	0
	4.57	2.8	0.00885621
	4.58	2.8	0
	4.58	2.8	0.00885621
	4.59	2.8	0
	4.59	2.8	0.00885621
	4.6	2.8	0
	4.6	2.8	0.00885621


	4.4	4.2	0
	4.4	4.2	0.00656547
	4.41	4.2	0
	4.41	4.2	0.00656547
	4.42	4.2	0
	4.42	4.2	0.00656547
	4.43	4.2	0
	4.43	4.2	0.00656547
	4.44	4.2	0
	4.44	4.2	0.00656547
	4.45	4.2	0
	4.45	4.2	0.00656547
	4.46	4.2	0
	4.46	4.2	0.00656547
	4.47	4.2	0
	4.47	4.2	0.00656547
	4.48	4.2	0
	4.48	4.2	0.00656547
	4.49	4.2	0
	4.49	4.2	0.00656547
	4.5	4.2	0
	4.5	4.2	0.00656547
	4.51	4.2	0
	4.51	4.2	0.00656547
	4.52	4.2	0
	4.52	4.2	0.00656547
	4.53	4.2	0
	4.53	4.2	0.00656547
	4.54	4.2	0
	4.54	4.2	0.00656547
	4.55	4.2	0
	4.55	4.2	0.00656547
	4.56	4.2	0
	4.56	4.2	0.00656547
	4.57	4.2	0
	4.57	4.2	0.00656547
	4.58	4.2	0
	4.58	4.2	0.00656547
	4.59	4.2	0
	4.59	4.2	0.00656547
	4.6	4.2	0
	4.6	4.2	0.00656547

	4.4	4.8	0
	4.4	4.8	0.00656547
	4.41	4.8	0
	4.41	4.8	0.00656547
	4.42	4.8	0
	4.42	4.8	0.00656547
	4.43	4.8	0
	4.43	4.8	0.00656547
	4.44	4.8	0
	4.44	4.8	0.00656547
	4.45	4.8	0
	4.45	4.8	0.00656547
	4.46	4.8	0
	4.46	4.8	0.00656547
	4.47	4.8	0
	4.47	4.8	0.00656547
	4.48	4.8	0
	4.48	4.8	0.00656547
	4.49	4.8	0
	4.49	4.8	0.00656547
	4.5	4.8	0
	4.5	4.8	0.00656547
	4.51	4.8	0
	4.51	4.8	0.00656547
	4.52	4.8	0
	4.52	4.8	0.00656547
	4.53	4.8	0
	4.53	4.8	0.00656547
	4.54	4.8	0
	4.54	4.8	0.00656547
	4.55	4.8	0
	4.55	4.8	0.00656547
	4.56	4.8	0
	4.56	4.8	0.00656547
	4.57	4.8	0
	4.57	4.8	0.00656547
	4.58	4.8	0
	4.58	4.8	0.00656547
	4.59	4.8	0
	4.59	4.8	0.00656547
	4.6	4.8	0
	4.6	4.8	0.00656547


	4.4	6.2	0
	4.4	6.2	0.005144
	4.41	6.2	0
	4.41	6.2	0.005144
	4.42	6.2	0
	4.42	6.2	0.005144
	4.43	6.2	0
	4.43	6.2	0.005144
	4.44	6.2	0
	4.44	6.2	0.005144
	4.45	6.2	0
	4.45	6.2	0.005144
	4.46	6.2	0
	4.46	6.2	0.005144
	4.47	6.2	0
	4.47	6.2	0.005144
	4.48	6.2	0
	4.48	6.2	0.005144
	4.49	6.2	0
	4.49	6.2	0.005144
	4.5	6.2	0
	4.5	6.2	0.005144
	4.51	6.2	0
	4.51	6.2	0.005144
	4.52	6.2	0
	4.52	6.2	0.005144
	4.53	6.2	0
	4.53	6.2	0.005144
	4.54	6.2	0
	4.54	6.2	0.005144
	4.55	6.2	0
	4.55	6.2	0.005144
	4.56	6.2	0
	4.56	6.2	0.005144
	4.57	6.2	0
	4.57	6.2	0.005144
	4.58	6.2	0
	4.58	6.2	0.005144
	4.59	6.2	0
	4.59	6.2	0.005144
	4.6	6.2	0
	4.6	6.2	0.005144

	4.4	6.8	0
	4.4	6.8	0.005144
	4.41	6.8	0
	4.41	6.8	0.005144
	4.42	6.8	0
	4.42	6.8	0.005144
	4.43	6.8	0
	4.43	6.8	0.005144
	4.44	6.8	0
	4.44	6.8	0.005144
	4.45	6.8	0
	4.45	6.8	0.005144
	4.46	6.8	0
	4.46	6.8	0.005144
	4.47	6.8	0
	4.47	6.8	0.005144
	4.48	6.8	0
	4.48	6.8	0.005144
	4.49	6.8	0
	4.49	6.8	0.005144
	4.5	6.8	0
	4.5	6.8	0.005144
	4.51	6.8	0
	4.51	6.8	0.005144
	4.52	6.8	0
	4.52	6.8	0.005144
	4.53	6.8	0
	4.53	6.8	0.005144
	4.54	6.8	0
	4.54	6.8	0.005144
	4.55	6.8	0
	4.55	6.8	0.005144
	4.56	6.8	0
	4.56	6.8	0.005144
	4.57	6.8	0
	4.57	6.8	0.005144
	4.58	6.8	0
	4.58	6.8	0.005144
	4.59	6.8	0
	4.59	6.8	0.005144
	4.6	6.8	0
	4.6	6.8	0.005144


	4.4	8.2	0
	4.4	8.2	0.0120599
	4.41	8.2	0
	4.41	8.2	0.0120599
	4.42	8.2	0
	4.42	8.2	0.0120599
	4.43	8.2	0
	4.43	8.2	0.0120599
	4.44	8.2	0
	4.44	8.2	0.0120599
	4.45	8.2	0
	4.45	8.2	0.0120599
	4.46	8.2	0
	4.46	8.2	0.0120599
	4.47	8.2	0
	4.47	8.2	0.0120599
	4.48	8.2	0
	4.48	8.2	0.0120599
	4.49	8.2	0
	4.49	8.2	0.0120599
	4.5	8.2	0
	4.5	8.2	0.0120599
	4.51	8.2	0
	4.51	8.2	0.0120599
	4.52	8.2	0
	4.52	8.2	0.0120599
	4.53	8.2	0
	4.53	8.2	0.0120599
	4.54	8.2	0
	4.54	8.2	0.0120599
	4.55	8.2	0
	4.55	8.2	0.0120599
	4.56	8.2	0
	4.56	8.2	0.0120599
	4.57	8.2	0
	4.57	8.2	0.0120599
	4.58	8.2	0
	4.58	8.2	0.0120599
	4.59	8.2	0
	4.59	8.2	0.0120599
	4.6	8.2	0
	4.6	8.2	0.0120599

	4.4	8.8	0
	4.4	8.8	0.0120599
	4.41	8.8	0
	4.41	8.8	0.0120599
	4.42	8.8	0
	4.42	8.8	0.0120599
	4.43	8.8	0
	4.43	8.8	0.0120599
	4.44	8.8	0
	4.44	8.8	0.0120599
	4.45	8.8	0
	4.45	8.8	0.0120599
	4.46	8.8	0
	4.46	8.8	0.0120599
	4.47	8.8	0
	4.47	8.8	0.0120599
	4.48	8.8	0
	4.48	8.8	0.0120599
	4.49	8.8	0
	4.49	8.8	0.0120599
	4.5	8.8	0
	4.5	8.8	0.0120599
	4.51	8.8	0
	4.51	8.8	0.0120599
	4.52	8.8	0
	4.52	8.8	0.0120599
	4.53	8.8	0
	4.53	8.8	0.0120599
	4.54	8.8	0
	4.54	8.8	0.0120599
	4.55	8.8	0
	4.55	8.8	0.0120599
	4.56	8.8	0
	4.56	8.8	0.0120599
	4.57	8.8	0
	4.57	8.8	0.0120599
	4.58	8.8	0
	4.58	8.8	0.0120599
	4.59	8.8	0
	4.59	8.8	0.0120599
	4.6	8.8	0
	4.6	8.8	0.0120599


