	0.2	0.1	0
	0.2	0.1	38.1612
	0.2	0.3	38.1612
	0.2	0.3	0
	0.2	0.7	0
	0.2	0.7	0
	0.2	0.9	0
	0.2	0.9	0

	0.8	0.1	0
	0.8	0.1	38.1612
	0.8	0.3	38.1612
	0.8	0.3	0
	0.8	0.7	0
	0.8	0.7	0
	0.8	0.9	0
	0.8	0.9	0


	1.2	0.1	0
	1.2	0.1	7.45889
	1.2	0.3	7.45889
	1.2	0.3	0
	1.2	0.7	0
	1.2	0.7	0
	1.2	0.9	0
	1.2	0.9	0

	1.8	0.1	0
	1.8	0.1	7.45889
	1.8	0.3	7.45889
	1.8	0.3	0
	1.8	0.7	0
	1.8	0.7	0
	1.8	0.9	0
	1.8	0.9	0


	2.2	0.1	0
	2.2	0.1	7.6629
	2.2	0.3	7.6629
	2.2	0.3	0
	2.2	0.7	0
	2.2	0.7	0
	2.2	0.9	0
	2.2	0.9	0

	2.8	0.1	0
	2.8	0.1	7.6629
	2.8	0.3	7.6629
	2.8	0.3	0
	2.8	0.7	0
	2.8	0.7	0
	2.8	0.9	0
	2.8	0.9	0


	3.2	0.1	0
	3.2	0.1	7.65678
	3.2	0.3	7.65678
	3.2	0.3	0
	3.2	0.7	0
	3.2	0.7	0
	3.2	0.9	0
	3.2	0.9	0

	3.8	0.1	0
	3.8	0.1	7.65678
	3.8	0.3	7.65678
	3.8	0.3	0
	3.8	0.7	0
	3.8	0.7	0
	3.8	0.9	0
	3.8	0.9	0


	0.2	2.1	0
	0.2	2.1	37.8507
	0.2	2.3	37.8507
	0.2	2.3	0
	0.2	2.7	0
	0.2	2.7	7.57862
	0.2	2.9	7.57862
	0.2	2.9	0

	0.8	2.1	0
	0.8	2.1	37.8507
	0.8	2.3	37.8507
	0.8	2.3	0
	0.8	2.7	0
	0.8	2.7	7.57862
	0.8	2.9	7.57862
	0.8	2.9	0


	1.2	2.1	0
	1.2	2.1	7.48841
	1.2	2.3	7.48841
	1.2	2.3	0
	1.2	2.7	0
	1.2	2.7	17.441
	1.2	2.9	17.441
	1.2	2.9	0

	1.8	2.1	0
	1.8	2.1	7.48841
	1.8	2.3	7.48841
	1.8	2.3	0
	1.8	2.7	0
	1.8	2.7	17.441
	1.8	2.9	17.441
	1.8	2.9	0


	2.2	2.1	0
	2.2	2.1	17.8209
	2.2	2.3	17.8209
	2.2	2.3	0
	2.2	2.7	0
	2.2	2.7	33.6283
	2.2	2.9	33.6283
	2.2	2.9	0

	2.8	2.1	0
	2.8	2.1	17.8209
	2.8	2.3	17.8209
	2.8	2.3	0
	2.8	2.7	0
	2.8	2.7	33.6283
	2.8	2.9	33.6283
	2.8	2.9	0


	3.2	2.1	0
	3.2	2.1	16.3168
	3.2	2.3	16.3168
	3.2	2.3	0
	3.2	2.7	0
	3.2	2.7	0
	3.2	2.9	0
	3.2	2.9	0

	3.8	2.1	0
	3.8	2.1	16.3168
	3.8	2.3	16.3168
	3.8	2.3	0
	3.8	2.7	0
	3.8	2.7	0
	3.8	2.9	0
	3.8	2.9	0


	0.2	4.1	0
	0.2	4.1	0
	0.2	4.3	0
	0.2	4.3	0
	0.2	4.7	0
	0.2	4.7	0
	0.2	4.9	0
	0.2	4.9	0

	0.8	4.1	0
	0.8	4.1	0
	0.8	4.3	0
	0.8	4.3	0
	0.8	4.7	0
	0.8	4.7	0
	0.8	4.9	0
	0.8	4.9	0


	1.2	4.1	0
	1.2	4.1	0
	1.2	4.3	0
	1.2	4.3	0
	1.2	4.7	0
	1.2	4.7	0
	1.2	4.9	0
	1.2	4.9	0

	1.8	4.1	0
	1.8	4.1	0
	1.8	4.3	0
	1.8	4.3	0
	1.8	4.7	0
	1.8	4.7	0
	1.8	4.9	0
	1.8	4.9	0


	2.2	4.1	0
	2.2	4.1	0
	2.2	4.3	0
	2.2	4.3	0
	2.2	4.7	0
	2.2	4.7	0
	2.2	4.9	0
	2.2	4.9	0

	2.8	4.1	0
	2.8	4.1	0
	2.8	4.3	0
	2.8	4.3	0
	2.8	4.7	0
	2.8	4.7	0
	2.8	4.9	0
	2.8	4.9	0


	3.2	4.1	0
	3.2	4.1	0
	3.2	4.3	0
	3.2	4.3	0
	3.2	4.7	0
	3.2	4.7	0
	3.2	4.9	0
	3.2	4.9	0

	3.8	4.1	0
	3.8	4.1	0
	3.8	4.3	0
	3.8	4.3	0
	3.8	4.7	0
	3.8	4.7	0
	3.8	4.9	0
	3.8	4.9	0


	0.2	6.1	0
	0.2	6.1	0
	0.2	6.3	0
	0.2	6.3	0
	0.2	6.7	0
	0.2	6.7	0
	0.2	6.9	0
	0.2	6.9	0

	0.8	6.1	0
	0.8	6.1	0
	0.8	6.3	0
	0.8	6.3	0
	0.8	6.7	0
	0.8	6.7	0
	0.8	6.9	0
	0.8	6.9	0


	1.2	6.1	0
	1.2	6.1	0
	1.2	6.3	0
	1.2	6.3	0
	1.2	6.7	0
	1.2	6.7	0
	1.2	6.9	0
	1.2	6.9	0

	1.8	6.1	0
	1.8	6.1	0
	1.8	6.3	0
	1.8	6.3	0
	1.8	6.7	0
	1.8	6.7	0
	1.8	6.9	0
	1.8	6.9	0


	2.2	6.1	0
	2.2	6.1	0
	2.2	6.3	0
	2.2	6.3	0
	2.2	6.7	0
	2.2	6.7	0
	2.2	6.9	0
	2.2	6.9	0

	2.8	6.1	0
	2.8	6.1	0
	2.8	6.3	0
	2.8	6.3	0
	2.8	6.7	0
	2.8	6.7	0
	2.8	6.9	0
	2.8	6.9	0


	3.2	6.1	0
	3.2	6.1	0
	3.2	6.3	0
	3.2	6.3	0
	3.2	6.7	0
	3.2	6.7	0
	3.2	6.9	0
	3.2	6.9	0

	3.8	6.1	0
	3.8	6.1	0
	3.8	6.3	0
	3.8	6.3	0
	3.8	6.7	0
	3.8	6.7	0
	3.8	6.9	0
	3.8	6.9	0


	0.2	8.1	0
	0.2	8.1	0
	0.2	8.3	0
	0.2	8.3	0
	0.2	8.7	0
	0.2	8.7	7.74678
	0.2	8.9	7.74678
	0.2	8.9	0

	0.8	8.1	0
	0.8	8.1	0
	0.8	8.3	0
	0.8	8.3	0
	0.8	8.7	0
	0.8	8.7	7.74678
	0.8	8.9	7.74678
	0.8	8.9	0


	1.2	8.1	0
	1.2	8.1	0
	1.2	8.3	0
	1.2	8.3	0
	1.2	8.7	0
	1.2	8.7	7.81184
	1.2	8.9	7.81184
	1.2	8.9	0

	1.8	8.1	0
	1.8	8.1	0
	1.8	8.3	0
	1.8	8.3	0
	1.8	8.7	0
	1.8	8.7	7.81184
	1.8	8.9	7.81184
	1.8	8.9	0


	2.2	8.1	0
	2.2	8.1	0
	2.2	8.3	0
	2.2	8.3	0
	2.2	8.7	0
	2.2	8.7	7.74599
	2.2	8.9	7.74599
	2.2	8.9	0

	2.8	8.1	0
	2.8	8.1	0
	2.8	8.3	0
	2.8	8.3	0
	2.8	8.7	0
	2.8	8.7	7.74599
	2.8	8.9	7.74599
	2.8	8.9	0


	3.2	8.1	0
	3.2	8.1	0
	3.2	8.3	0
	3.2	8.3	0
	3.2	8.7	0
	3.2	8.7	37.9024
	3.2	8.9	37.9024
	3.2	8.9	0

	3.8	8.1	0
	3.8	8.1	0
	3.8	8.3	0
	3.8	8.3	0
	3.8	8.7	0
	3.8	8.7	37.9024
	3.8	8.9	37.9024
	3.8	8.9	0


