	0.2	0.1	0
	0.2	0.1	12.7204
	0.2	0.3	12.7204
	0.2	0.3	0
	0.2	0.7	0
	0.2	0.7	0
	0.2	0.9	0
	0.2	0.9	0

	0.8	0.1	0
	0.8	0.1	12.7204
	0.8	0.3	12.7204
	0.8	0.3	0
	0.8	0.7	0
	0.8	0.7	0
	0.8	0.9	0
	0.8	0.9	0


	1.2	0.1	0
	1.2	0.1	2.4863
	1.2	0.3	2.4863
	1.2	0.3	0
	1.2	0.7	0
	1.2	0.7	0
	1.2	0.9	0
	1.2	0.9	0

	1.8	0.1	0
	1.8	0.1	2.4863
	1.8	0.3	2.4863
	1.8	0.3	0
	1.8	0.7	0
	1.8	0.7	0
	1.8	0.9	0
	1.8	0.9	0


	2.2	0.1	0
	2.2	0.1	2.5543
	2.2	0.3	2.5543
	2.2	0.3	0
	2.2	0.7	0
	2.2	0.7	0
	2.2	0.9	0
	2.2	0.9	0

	2.8	0.1	0
	2.8	0.1	2.5543
	2.8	0.3	2.5543
	2.8	0.3	0
	2.8	0.7	0
	2.8	0.7	0
	2.8	0.9	0
	2.8	0.9	0


	3.2	0.1	0
	3.2	0.1	2.55226
	3.2	0.3	2.55226
	3.2	0.3	0
	3.2	0.7	0
	3.2	0.7	0
	3.2	0.9	0
	3.2	0.9	0

	3.8	0.1	0
	3.8	0.1	2.55226
	3.8	0.3	2.55226
	3.8	0.3	0
	3.8	0.7	0
	3.8	0.7	0
	3.8	0.9	0
	3.8	0.9	0


	0.2	2.1	0
	0.2	2.1	12.6169
	0.2	2.3	12.6169
	0.2	2.3	0
	0.2	2.7	0
	0.2	2.7	2.52621
	0.2	2.9	2.52621
	0.2	2.9	0

	0.8	2.1	0
	0.8	2.1	12.6169
	0.8	2.3	12.6169
	0.8	2.3	0
	0.8	2.7	0
	0.8	2.7	2.52621
	0.8	2.9	2.52621
	0.8	2.9	0


	1.2	2.1	0
	1.2	2.1	2.49614
	1.2	2.3	2.49614
	1.2	2.3	0
	1.2	2.7	0
	1.2	2.7	5.81366
	1.2	2.9	5.81366
	1.2	2.9	0

	1.8	2.1	0
	1.8	2.1	2.49614
	1.8	2.3	2.49614
	1.8	2.3	0
	1.8	2.7	0
	1.8	2.7	5.81366
	1.8	2.9	5.81366
	1.8	2.9	0


	2.2	2.1	0
	2.2	2.1	5.94029
	2.2	2.3	5.94029
	2.2	2.3	0
	2.2	2.7	0
	2.2	2.7	11.2094
	2.2	2.9	11.2094
	2.2	2.9	0

	2.8	2.1	0
	2.8	2.1	5.94029
	2.8	2.3	5.94029
	2.8	2.3	0
	2.8	2.7	0
	2.8	2.7	11.2094
	2.8	2.9	11.2094
	2.8	2.9	0


	3.2	2.1	0
	3.2	2.1	5.43894
	3.2	2.3	5.43894
	3.2	2.3	0
	3.2	2.7	0
	3.2	2.7	0
	3.2	2.9	0
	3.2	2.9	0

	3.8	2.1	0
	3.8	2.1	5.43894
	3.8	2.3	5.43894
	3.8	2.3	0
	3.8	2.7	0
	3.8	2.7	0
	3.8	2.9	0
	3.8	2.9	0


	0.2	4.1	0
	0.2	4.1	0
	0.2	4.3	0
	0.2	4.3	0
	0.2	4.7	0
	0.2	4.7	0
	0.2	4.9	0
	0.2	4.9	0

	0.8	4.1	0
	0.8	4.1	0
	0.8	4.3	0
	0.8	4.3	0
	0.8	4.7	0
	0.8	4.7	0
	0.8	4.9	0
	0.8	4.9	0


	1.2	4.1	0
	1.2	4.1	0
	1.2	4.3	0
	1.2	4.3	0
	1.2	4.7	0
	1.2	4.7	0
	1.2	4.9	0
	1.2	4.9	0

	1.8	4.1	0
	1.8	4.1	0
	1.8	4.3	0
	1.8	4.3	0
	1.8	4.7	0
	1.8	4.7	0
	1.8	4.9	0
	1.8	4.9	0


	2.2	4.1	0
	2.2	4.1	0
	2.2	4.3	0
	2.2	4.3	0
	2.2	4.7	0
	2.2	4.7	0
	2.2	4.9	0
	2.2	4.9	0

	2.8	4.1	0
	2.8	4.1	0
	2.8	4.3	0
	2.8	4.3	0
	2.8	4.7	0
	2.8	4.7	0
	2.8	4.9	0
	2.8	4.9	0


	3.2	4.1	0
	3.2	4.1	0
	3.2	4.3	0
	3.2	4.3	0
	3.2	4.7	0
	3.2	4.7	0
	3.2	4.9	0
	3.2	4.9	0

	3.8	4.1	0
	3.8	4.1	0
	3.8	4.3	0
	3.8	4.3	0
	3.8	4.7	0
	3.8	4.7	0
	3.8	4.9	0
	3.8	4.9	0


	0.2	6.1	0
	0.2	6.1	0
	0.2	6.3	0
	0.2	6.3	0
	0.2	6.7	0
	0.2	6.7	0
	0.2	6.9	0
	0.2	6.9	0

	0.8	6.1	0
	0.8	6.1	0
	0.8	6.3	0
	0.8	6.3	0
	0.8	6.7	0
	0.8	6.7	0
	0.8	6.9	0
	0.8	6.9	0


	1.2	6.1	0
	1.2	6.1	0
	1.2	6.3	0
	1.2	6.3	0
	1.2	6.7	0
	1.2	6.7	0
	1.2	6.9	0
	1.2	6.9	0

	1.8	6.1	0
	1.8	6.1	0
	1.8	6.3	0
	1.8	6.3	0
	1.8	6.7	0
	1.8	6.7	0
	1.8	6.9	0
	1.8	6.9	0


	2.2	6.1	0
	2.2	6.1	0
	2.2	6.3	0
	2.2	6.3	0
	2.2	6.7	0
	2.2	6.7	0
	2.2	6.9	0
	2.2	6.9	0

	2.8	6.1	0
	2.8	6.1	0
	2.8	6.3	0
	2.8	6.3	0
	2.8	6.7	0
	2.8	6.7	0
	2.8	6.9	0
	2.8	6.9	0


	3.2	6.1	0
	3.2	6.1	0
	3.2	6.3	0
	3.2	6.3	0
	3.2	6.7	0
	3.2	6.7	0
	3.2	6.9	0
	3.2	6.9	0

	3.8	6.1	0
	3.8	6.1	0
	3.8	6.3	0
	3.8	6.3	0
	3.8	6.7	0
	3.8	6.7	0
	3.8	6.9	0
	3.8	6.9	0


	0.2	8.1	0
	0.2	8.1	0
	0.2	8.3	0
	0.2	8.3	0
	0.2	8.7	0
	0.2	8.7	2.58226
	0.2	8.9	2.58226
	0.2	8.9	0

	0.8	8.1	0
	0.8	8.1	0
	0.8	8.3	0
	0.8	8.3	0
	0.8	8.7	0
	0.8	8.7	2.58226
	0.8	8.9	2.58226
	0.8	8.9	0


	1.2	8.1	0
	1.2	8.1	0
	1.2	8.3	0
	1.2	8.3	0
	1.2	8.7	0
	1.2	8.7	2.60395
	1.2	8.9	2.60395
	1.2	8.9	0

	1.8	8.1	0
	1.8	8.1	0
	1.8	8.3	0
	1.8	8.3	0
	1.8	8.7	0
	1.8	8.7	2.60395
	1.8	8.9	2.60395
	1.8	8.9	0


	2.2	8.1	0
	2.2	8.1	0
	2.2	8.3	0
	2.2	8.3	0
	2.2	8.7	0
	2.2	8.7	2.582
	2.2	8.9	2.582
	2.2	8.9	0

	2.8	8.1	0
	2.8	8.1	0
	2.8	8.3	0
	2.8	8.3	0
	2.8	8.7	0
	2.8	8.7	2.582
	2.8	8.9	2.582
	2.8	8.9	0


	3.2	8.1	0
	3.2	8.1	0
	3.2	8.3	0
	3.2	8.3	0
	3.2	8.7	0
	3.2	8.7	12.6341
	3.2	8.9	12.6341
	3.2	8.9	0

	3.8	8.1	0
	3.8	8.1	0
	3.8	8.3	0
	3.8	8.3	0
	3.8	8.7	0
	3.8	8.7	12.6341
	3.8	8.9	12.6341
	3.8	8.9	0


