	0.2	0.1	0
	0.2	0.1	15.6522
	0.2	0.3	15.6522
	0.2	0.3	0
	0.2	0.7	0
	0.2	0.7	0
	0.2	0.9	0
	0.2	0.9	0

	0.8	0.1	0
	0.8	0.1	15.6522
	0.8	0.3	15.6522
	0.8	0.3	0
	0.8	0.7	0
	0.8	0.7	0
	0.8	0.9	0
	0.8	0.9	0


	1.2	0.1	0
	1.2	0.1	11.431
	1.2	0.3	11.431
	1.2	0.3	0
	1.2	0.7	0
	1.2	0.7	0
	1.2	0.9	0
	1.2	0.9	0

	1.8	0.1	0
	1.8	0.1	11.431
	1.8	0.3	11.431
	1.8	0.3	0
	1.8	0.7	0
	1.8	0.7	0
	1.8	0.9	0
	1.8	0.9	0


	2.2	0.1	0
	2.2	0.1	7.56849
	2.2	0.3	7.56849
	2.2	0.3	0
	2.2	0.7	0
	2.2	0.7	0
	2.2	0.9	0
	2.2	0.9	0

	2.8	0.1	0
	2.8	0.1	7.56849
	2.8	0.3	7.56849
	2.8	0.3	0
	2.8	0.7	0
	2.8	0.7	0
	2.8	0.9	0
	2.8	0.9	0


	3.2	0.1	0
	3.2	0.1	4.05208
	3.2	0.3	4.05208
	3.2	0.3	0
	3.2	0.7	0
	3.2	0.7	0
	3.2	0.9	0
	3.2	0.9	0

	3.8	0.1	0
	3.8	0.1	4.05208
	3.8	0.3	4.05208
	3.8	0.3	0
	3.8	0.7	0
	3.8	0.7	0
	3.8	0.9	0
	3.8	0.9	0


	0.2	2.1	0
	0.2	2.1	15.4091
	0.2	2.3	15.4091
	0.2	2.3	0
	0.2	2.7	0
	0.2	2.7	8.14456
	0.2	2.9	8.14456
	0.2	2.9	0

	0.8	2.1	0
	0.8	2.1	15.4091
	0.8	2.3	15.4091
	0.8	2.3	0
	0.8	2.7	0
	0.8	2.7	8.14456
	0.8	2.9	8.14456
	0.8	2.9	0


	1.2	2.1	0
	1.2	2.1	11.7681
	1.2	2.3	11.7681
	1.2	2.3	0
	1.2	2.7	0
	1.2	2.7	15.8819
	1.2	2.9	15.8819
	1.2	2.9	0

	1.8	2.1	0
	1.8	2.1	11.7681
	1.8	2.3	11.7681
	1.8	2.3	0
	1.8	2.7	0
	1.8	2.7	15.8819
	1.8	2.9	15.8819
	1.8	2.9	0


	2.2	2.1	0
	2.2	2.1	15.5158
	2.2	2.3	15.5158
	2.2	2.3	0
	2.2	2.7	0
	2.2	2.7	12.1967
	2.2	2.9	12.1967
	2.2	2.9	0

	2.8	2.1	0
	2.8	2.1	15.5158
	2.8	2.3	15.5158
	2.8	2.3	0
	2.8	2.7	0
	2.8	2.7	12.1967
	2.8	2.9	12.1967
	2.8	2.9	0


	3.2	2.1	0
	3.2	2.1	11.3668
	3.2	2.3	11.3668
	3.2	2.3	0
	3.2	2.7	0
	3.2	2.7	0
	3.2	2.9	0
	3.2	2.9	0

	3.8	2.1	0
	3.8	2.1	11.3668
	3.8	2.3	11.3668
	3.8	2.3	0
	3.8	2.7	0
	3.8	2.7	0
	3.8	2.9	0
	3.8	2.9	0


	0.2	4.1	0
	0.2	4.1	0
	0.2	4.3	0
	0.2	4.3	0
	0.2	4.7	0
	0.2	4.7	0
	0.2	4.9	0
	0.2	4.9	0

	0.8	4.1	0
	0.8	4.1	0
	0.8	4.3	0
	0.8	4.3	0
	0.8	4.7	0
	0.8	4.7	0
	0.8	4.9	0
	0.8	4.9	0


	1.2	4.1	0
	1.2	4.1	0
	1.2	4.3	0
	1.2	4.3	0
	1.2	4.7	0
	1.2	4.7	0
	1.2	4.9	0
	1.2	4.9	0

	1.8	4.1	0
	1.8	4.1	0
	1.8	4.3	0
	1.8	4.3	0
	1.8	4.7	0
	1.8	4.7	0
	1.8	4.9	0
	1.8	4.9	0


	2.2	4.1	0
	2.2	4.1	0
	2.2	4.3	0
	2.2	4.3	0
	2.2	4.7	0
	2.2	4.7	0
	2.2	4.9	0
	2.2	4.9	0

	2.8	4.1	0
	2.8	4.1	0
	2.8	4.3	0
	2.8	4.3	0
	2.8	4.7	0
	2.8	4.7	0
	2.8	4.9	0
	2.8	4.9	0


	3.2	4.1	0
	3.2	4.1	0
	3.2	4.3	0
	3.2	4.3	0
	3.2	4.7	0
	3.2	4.7	0
	3.2	4.9	0
	3.2	4.9	0

	3.8	4.1	0
	3.8	4.1	0
	3.8	4.3	0
	3.8	4.3	0
	3.8	4.7	0
	3.8	4.7	0
	3.8	4.9	0
	3.8	4.9	0


	0.2	6.1	0
	0.2	6.1	0
	0.2	6.3	0
	0.2	6.3	0
	0.2	6.7	0
	0.2	6.7	0
	0.2	6.9	0
	0.2	6.9	0

	0.8	6.1	0
	0.8	6.1	0
	0.8	6.3	0
	0.8	6.3	0
	0.8	6.7	0
	0.8	6.7	0
	0.8	6.9	0
	0.8	6.9	0


	1.2	6.1	0
	1.2	6.1	0
	1.2	6.3	0
	1.2	6.3	0
	1.2	6.7	0
	1.2	6.7	0
	1.2	6.9	0
	1.2	6.9	0

	1.8	6.1	0
	1.8	6.1	0
	1.8	6.3	0
	1.8	6.3	0
	1.8	6.7	0
	1.8	6.7	0
	1.8	6.9	0
	1.8	6.9	0


	2.2	6.1	0
	2.2	6.1	0
	2.2	6.3	0
	2.2	6.3	0
	2.2	6.7	0
	2.2	6.7	0
	2.2	6.9	0
	2.2	6.9	0

	2.8	6.1	0
	2.8	6.1	0
	2.8	6.3	0
	2.8	6.3	0
	2.8	6.7	0
	2.8	6.7	0
	2.8	6.9	0
	2.8	6.9	0


	3.2	6.1	0
	3.2	6.1	0
	3.2	6.3	0
	3.2	6.3	0
	3.2	6.7	0
	3.2	6.7	0
	3.2	6.9	0
	3.2	6.9	0

	3.8	6.1	0
	3.8	6.1	0
	3.8	6.3	0
	3.8	6.3	0
	3.8	6.7	0
	3.8	6.7	0
	3.8	6.9	0
	3.8	6.9	0


	0.2	8.1	0
	0.2	8.1	0
	0.2	8.3	0
	0.2	8.3	0
	0.2	8.7	0
	0.2	8.7	3.99429
	0.2	8.9	3.99429
	0.2	8.9	0

	0.8	8.1	0
	0.8	8.1	0
	0.8	8.3	0
	0.8	8.3	0
	0.8	8.7	0
	0.8	8.7	3.99429
	0.8	8.9	3.99429
	0.8	8.9	0


	1.2	8.1	0
	1.2	8.1	0
	1.2	8.3	0
	1.2	8.3	0
	1.2	8.7	0
	1.2	8.7	8.06708
	1.2	8.9	8.06708
	1.2	8.9	0

	1.8	8.1	0
	1.8	8.1	0
	1.8	8.3	0
	1.8	8.3	0
	1.8	8.7	0
	1.8	8.7	8.06708
	1.8	8.9	8.06708
	1.8	8.9	0


	2.2	8.1	0
	2.2	8.1	0
	2.2	8.3	0
	2.2	8.3	0
	2.2	8.7	0
	2.2	8.7	11.6828
	2.2	8.9	11.6828
	2.2	8.9	0

	2.8	8.1	0
	2.8	8.1	0
	2.8	8.3	0
	2.8	8.3	0
	2.8	8.7	0
	2.8	8.7	11.6828
	2.8	8.9	11.6828
	2.8	8.9	0


	3.2	8.1	0
	3.2	8.1	0
	3.2	8.3	0
	3.2	8.3	0
	3.2	8.7	0
	3.2	8.7	15.5565
	3.2	8.9	15.5565
	3.2	8.9	0

	3.8	8.1	0
	3.8	8.1	0
	3.8	8.3	0
	3.8	8.3	0
	3.8	8.7	0
	3.8	8.7	15.5565
	3.8	8.9	15.5565
	3.8	8.9	0


