	0.1	0.2	0
	0.1	0.2	4.47018
	0.3	0.2	4.47018
	0.3	0.2	0
	0.7	0.2	0
	0.7	0.2	12.0966
	0.9	0.2	12.0966
	0.9	0.2	0

	0.1	0.8	0
	0.1	0.8	4.47018
	0.3	0.8	4.47018
	0.3	0.8	0
	0.7	0.8	0
	0.7	0.8	12.0966
	0.9	0.8	12.0966
	0.9	0.8	0


	0.1	2.2	0
	0.1	2.2	2.64
	0.3	2.2	2.64
	0.3	2.2	0
	0.7	2.2	0
	0.7	2.2	5.07857
	0.9	2.2	5.07857
	0.9	2.2	0

	0.1	2.8	0
	0.1	2.8	2.64
	0.3	2.8	2.64
	0.3	2.8	0
	0.7	2.8	0
	0.7	2.8	5.07857
	0.9	2.8	5.07857
	0.9	2.8	0


	0.1	4.2	0
	0.1	4.2	2.64938
	0.3	4.2	2.64938
	0.3	4.2	0
	0.7	4.2	0
	0.7	4.2	2.58266
	0.9	4.2	2.58266
	0.9	4.2	0

	0.1	4.8	0
	0.1	4.8	2.64938
	0.3	4.8	2.64938
	0.3	4.8	0
	0.7	4.8	0
	0.7	4.8	2.58266
	0.9	4.8	2.58266
	0.9	4.8	0


	0.1	6.2	0
	0.1	6.2	2.64505
	0.3	6.2	2.64505
	0.3	6.2	0
	0.7	6.2	0
	0.7	6.2	2.58247
	0.9	6.2	2.58247
	0.9	6.2	0

	0.1	6.8	0
	0.1	6.8	2.64505
	0.3	6.8	2.64505
	0.3	6.8	0
	0.7	6.8	0
	0.7	6.8	2.58247
	0.9	6.8	2.58247
	0.9	6.8	0


	1.1	0.2	0
	1.1	0.2	2.52053
	1.3	0.2	2.52053
	1.3	0.2	0
	1.7	0.2	0
	1.7	0.2	2.50168
	1.9	0.2	2.50168
	1.9	0.2	0

	1.1	0.8	0
	1.1	0.8	2.52053
	1.3	0.8	2.52053
	1.3	0.8	0
	1.7	0.8	0
	1.7	0.8	2.50168
	1.9	0.8	2.50168
	1.9	0.8	0


	1.1	2.2	0
	1.1	2.2	2.64667
	1.3	2.2	2.64667
	1.3	2.2	0
	1.7	2.2	0
	1.7	2.2	2.59636
	1.9	2.2	2.59636
	1.9	2.2	0

	1.1	2.8	0
	1.1	2.8	2.64667
	1.3	2.8	2.64667
	1.3	2.8	0
	1.7	2.8	0
	1.7	2.8	2.59636
	1.9	2.8	2.59636
	1.9	2.8	0


	1.1	4.2	0
	1.1	4.2	2.64803
	1.3	4.2	2.64803
	1.3	4.2	0
	1.7	4.2	0
	1.7	4.2	2.57525
	1.9	4.2	2.57525
	1.9	4.2	0

	1.1	4.8	0
	1.1	4.8	2.64803
	1.3	4.8	2.64803
	1.3	4.8	0
	1.7	4.8	0
	1.7	4.8	2.57525
	1.9	4.8	2.57525
	1.9	4.8	0


	1.1	6.2	0
	1.1	6.2	2.57483
	1.3	6.2	2.57483
	1.3	6.2	0
	1.7	6.2	0
	1.7	6.2	2.53916
	1.9	6.2	2.53916
	1.9	6.2	0

	1.1	6.8	0
	1.1	6.8	2.57483
	1.3	6.8	2.57483
	1.3	6.8	0
	1.7	6.8	0
	1.7	6.8	2.53916
	1.9	6.8	2.53916
	1.9	6.8	0


	2.1	0.2	0
	2.1	0.2	4.34946
	2.3	0.2	4.34946
	2.3	0.2	0
	2.7	0.2	0
	2.7	0.2	2.5205
	2.9	0.2	2.5205
	2.9	0.2	0

	2.1	0.8	0
	2.1	0.8	4.34946
	2.3	0.8	4.34946
	2.3	0.8	0
	2.7	0.8	0
	2.7	0.8	2.5205
	2.9	0.8	2.5205
	2.9	0.8	0


	2.1	2.2	0
	2.1	2.2	2.65385
	2.3	2.2	2.65385
	2.3	2.2	0
	2.7	2.2	0
	2.7	2.2	4.34107
	2.9	2.2	4.34107
	2.9	2.2	0

	2.1	2.8	0
	2.1	2.8	2.65385
	2.3	2.8	2.65385
	2.3	2.8	0
	2.7	2.8	0
	2.7	2.8	4.34107
	2.9	2.8	4.34107
	2.9	2.8	0


	2.1	4.2	0
	2.1	4.2	2.6462
	2.3	4.2	2.6462
	2.3	4.2	0
	2.7	4.2	0
	2.7	4.2	2.56551
	2.9	4.2	2.56551
	2.9	4.2	0

	2.1	4.8	0
	2.1	4.8	2.6462
	2.3	4.8	2.6462
	2.3	4.8	0
	2.7	4.8	0
	2.7	4.8	2.56551
	2.9	4.8	2.56551
	2.9	4.8	0


	2.1	6.2	0
	2.1	6.2	2.53535
	2.3	6.2	2.53535
	2.3	6.2	0
	2.7	6.2	0
	2.7	6.2	2.57767
	2.9	6.2	2.57767
	2.9	6.2	0

	2.1	6.8	0
	2.1	6.8	2.53535
	2.3	6.8	2.53535
	2.3	6.8	0
	2.7	6.8	0
	2.7	6.8	2.57767
	2.9	6.8	2.57767
	2.9	6.8	0


	3.1	0.2	0
	3.1	0.2	4.66487
	3.3	0.2	4.66487
	3.3	0.2	0
	3.7	0.2	0
	3.7	0.2	2.55828
	3.9	0.2	2.55828
	3.9	0.2	0

	3.1	0.8	0
	3.1	0.8	4.66487
	3.3	0.8	4.66487
	3.3	0.8	0
	3.7	0.8	0
	3.7	0.8	2.55828
	3.9	0.8	2.55828
	3.9	0.8	0


	3.1	2.2	0
	3.1	2.2	2.65079
	3.3	2.2	2.65079
	3.3	2.2	0
	3.7	2.2	0
	3.7	2.2	4.75845
	3.9	2.2	4.75845
	3.9	2.2	0

	3.1	2.8	0
	3.1	2.8	2.65079
	3.3	2.8	2.65079
	3.3	2.8	0
	3.7	2.8	0
	3.7	2.8	4.75845
	3.9	2.8	4.75845
	3.9	2.8	0


	3.1	4.2	0
	3.1	4.2	2.64269
	3.3	4.2	2.64269
	3.3	4.2	0
	3.7	4.2	0
	3.7	4.2	2.58627
	3.9	4.2	2.58627
	3.9	4.2	0

	3.1	4.8	0
	3.1	4.8	2.64269
	3.3	4.8	2.64269
	3.3	4.8	0
	3.7	4.8	0
	3.7	4.8	2.58627
	3.9	4.8	2.58627
	3.9	4.8	0


	3.1	6.2	0
	3.1	6.2	2.45693
	3.3	6.2	2.45693
	3.3	6.2	0
	3.7	6.2	0
	3.7	6.2	2.5817
	3.9	6.2	2.5817
	3.9	6.2	0

	3.1	6.8	0
	3.1	6.8	2.45693
	3.3	6.8	2.45693
	3.3	6.8	0
	3.7	6.8	0
	3.7	6.8	2.5817
	3.9	6.8	2.5817
	3.9	6.8	0


	4.1	0.2	0
	4.1	0.2	2.55263
	4.3	0.2	2.55263
	4.3	0.2	0
	4.7	0.2	0
	4.7	0.2	2.64948
	4.9	0.2	2.64948
	4.9	0.2	0

	4.1	0.8	0
	4.1	0.8	2.55263
	4.3	0.8	2.55263
	4.3	0.8	0
	4.7	0.8	0
	4.7	0.8	2.64948
	4.9	0.8	2.64948
	4.9	0.8	0


	4.1	2.2	0
	4.1	2.2	2.64609
	4.3	2.2	2.64609
	4.3	2.2	0
	4.7	2.2	0
	4.7	2.2	2.60427
	4.9	2.2	2.60427
	4.9	2.2	0

	4.1	2.8	0
	4.1	2.8	2.64609
	4.3	2.8	2.64609
	4.3	2.8	0
	4.7	2.8	0
	4.7	2.8	2.60427
	4.9	2.8	2.60427
	4.9	2.8	0


	4.1	4.2	0
	4.1	4.2	2.64463
	4.3	4.2	2.64463
	4.3	4.2	0
	4.7	4.2	0
	4.7	4.2	2.56155
	4.9	4.2	2.56155
	4.9	4.2	0

	4.1	4.8	0
	4.1	4.8	2.64463
	4.3	4.8	2.64463
	4.3	4.8	0
	4.7	4.8	0
	4.7	4.8	2.56155
	4.9	4.8	2.56155
	4.9	4.8	0


	4.1	6.2	0
	4.1	6.2	12.392
	4.3	6.2	12.392
	4.3	6.2	0
	4.7	6.2	0
	4.7	6.2	2.57297
	4.9	6.2	2.57297
	4.9	6.2	0

	4.1	6.8	0
	4.1	6.8	12.392
	4.3	6.8	12.392
	4.3	6.8	0
	4.7	6.8	0
	4.7	6.8	2.57297
	4.9	6.8	2.57297
	4.9	6.8	0


