	0.1	0.2	0
	0.1	0.2	13.4105
	0.3	0.2	13.4105
	0.3	0.2	0
	0.7	0.2	0
	0.7	0.2	36.2899
	0.9	0.2	36.2899
	0.9	0.2	0

	0.1	0.8	0
	0.1	0.8	13.4105
	0.3	0.8	13.4105
	0.3	0.8	0
	0.7	0.8	0
	0.7	0.8	36.2899
	0.9	0.8	36.2899
	0.9	0.8	0


	0.1	2.2	0
	0.1	2.2	7.92
	0.3	2.2	7.92
	0.3	2.2	0
	0.7	2.2	0
	0.7	2.2	15.2357
	0.9	2.2	15.2357
	0.9	2.2	0

	0.1	2.8	0
	0.1	2.8	7.92
	0.3	2.8	7.92
	0.3	2.8	0
	0.7	2.8	0
	0.7	2.8	15.2357
	0.9	2.8	15.2357
	0.9	2.8	0


	0.1	4.2	0
	0.1	4.2	7.94815
	0.3	4.2	7.94815
	0.3	4.2	0
	0.7	4.2	0
	0.7	4.2	7.74799
	0.9	4.2	7.74799
	0.9	4.2	0

	0.1	4.8	0
	0.1	4.8	7.94815
	0.3	4.8	7.94815
	0.3	4.8	0
	0.7	4.8	0
	0.7	4.8	7.74799
	0.9	4.8	7.74799
	0.9	4.8	0


	0.1	6.2	0
	0.1	6.2	7.93514
	0.3	6.2	7.93514
	0.3	6.2	0
	0.7	6.2	0
	0.7	6.2	7.74742
	0.9	6.2	7.74742
	0.9	6.2	0

	0.1	6.8	0
	0.1	6.8	7.93514
	0.3	6.8	7.93514
	0.3	6.8	0
	0.7	6.8	0
	0.7	6.8	7.74742
	0.9	6.8	7.74742
	0.9	6.8	0


	1.1	0.2	0
	1.1	0.2	7.56158
	1.3	0.2	7.56158
	1.3	0.2	0
	1.7	0.2	0
	1.7	0.2	7.50505
	1.9	0.2	7.50505
	1.9	0.2	0

	1.1	0.8	0
	1.1	0.8	7.56158
	1.3	0.8	7.56158
	1.3	0.8	0
	1.7	0.8	0
	1.7	0.8	7.50505
	1.9	0.8	7.50505
	1.9	0.8	0


	1.1	2.2	0
	1.1	2.2	7.94
	1.3	2.2	7.94
	1.3	2.2	0
	1.7	2.2	0
	1.7	2.2	7.78908
	1.9	2.2	7.78908
	1.9	2.2	0

	1.1	2.8	0
	1.1	2.8	7.94
	1.3	2.8	7.94
	1.3	2.8	0
	1.7	2.8	0
	1.7	2.8	7.78908
	1.9	2.8	7.78908
	1.9	2.8	0


	1.1	4.2	0
	1.1	4.2	7.9441
	1.3	4.2	7.9441
	1.3	4.2	0
	1.7	4.2	0
	1.7	4.2	7.72576
	1.9	4.2	7.72576
	1.9	4.2	0

	1.1	4.8	0
	1.1	4.8	7.9441
	1.3	4.8	7.9441
	1.3	4.8	0
	1.7	4.8	0
	1.7	4.8	7.72576
	1.9	4.8	7.72576
	1.9	4.8	0


	1.1	6.2	0
	1.1	6.2	7.72449
	1.3	6.2	7.72449
	1.3	6.2	0
	1.7	6.2	0
	1.7	6.2	7.61749
	1.9	6.2	7.61749
	1.9	6.2	0

	1.1	6.8	0
	1.1	6.8	7.72449
	1.3	6.8	7.72449
	1.3	6.8	0
	1.7	6.8	0
	1.7	6.8	7.61749
	1.9	6.8	7.61749
	1.9	6.8	0


	2.1	0.2	0
	2.1	0.2	13.0484
	2.3	0.2	13.0484
	2.3	0.2	0
	2.7	0.2	0
	2.7	0.2	7.5615
	2.9	0.2	7.5615
	2.9	0.2	0

	2.1	0.8	0
	2.1	0.8	13.0484
	2.3	0.8	13.0484
	2.3	0.8	0
	2.7	0.8	0
	2.7	0.8	7.5615
	2.9	0.8	7.5615
	2.9	0.8	0


	2.1	2.2	0
	2.1	2.2	7.96154
	2.3	2.2	7.96154
	2.3	2.2	0
	2.7	2.2	0
	2.7	2.2	13.0232
	2.9	2.2	13.0232
	2.9	2.2	0

	2.1	2.8	0
	2.1	2.8	7.96154
	2.3	2.8	7.96154
	2.3	2.8	0
	2.7	2.8	0
	2.7	2.8	13.0232
	2.9	2.8	13.0232
	2.9	2.8	0


	2.1	4.2	0
	2.1	4.2	7.9386
	2.3	4.2	7.9386
	2.3	4.2	0
	2.7	4.2	0
	2.7	4.2	7.69652
	2.9	4.2	7.69652
	2.9	4.2	0

	2.1	4.8	0
	2.1	4.8	7.9386
	2.3	4.8	7.9386
	2.3	4.8	0
	2.7	4.8	0
	2.7	4.8	7.69652
	2.9	4.8	7.69652
	2.9	4.8	0


	2.1	6.2	0
	2.1	6.2	7.60606
	2.3	6.2	7.60606
	2.3	6.2	0
	2.7	6.2	0
	2.7	6.2	7.73301
	2.9	6.2	7.73301
	2.9	6.2	0

	2.1	6.8	0
	2.1	6.8	7.60606
	2.3	6.8	7.60606
	2.3	6.8	0
	2.7	6.8	0
	2.7	6.8	7.73301
	2.9	6.8	7.73301
	2.9	6.8	0


	3.1	0.2	0
	3.1	0.2	13.9946
	3.3	0.2	13.9946
	3.3	0.2	0
	3.7	0.2	0
	3.7	0.2	7.67485
	3.9	0.2	7.67485
	3.9	0.2	0

	3.1	0.8	0
	3.1	0.8	13.9946
	3.3	0.8	13.9946
	3.3	0.8	0
	3.7	0.8	0
	3.7	0.8	7.67485
	3.9	0.8	7.67485
	3.9	0.8	0


	3.1	2.2	0
	3.1	2.2	7.95238
	3.3	2.2	7.95238
	3.3	2.2	0
	3.7	2.2	0
	3.7	2.2	14.2754
	3.9	2.2	14.2754
	3.9	2.2	0

	3.1	2.8	0
	3.1	2.8	7.95238
	3.3	2.8	7.95238
	3.3	2.8	0
	3.7	2.8	0
	3.7	2.8	14.2754
	3.9	2.8	14.2754
	3.9	2.8	0


	3.1	4.2	0
	3.1	4.2	7.92806
	3.3	4.2	7.92806
	3.3	4.2	0
	3.7	4.2	0
	3.7	4.2	7.75881
	3.9	4.2	7.75881
	3.9	4.2	0

	3.1	4.8	0
	3.1	4.8	7.92806
	3.3	4.8	7.92806
	3.3	4.8	0
	3.7	4.8	0
	3.7	4.8	7.75881
	3.9	4.8	7.75881
	3.9	4.8	0


	3.1	6.2	0
	3.1	6.2	7.37079
	3.3	6.2	7.37079
	3.3	6.2	0
	3.7	6.2	0
	3.7	6.2	7.7451
	3.9	6.2	7.7451
	3.9	6.2	0

	3.1	6.8	0
	3.1	6.8	7.37079
	3.3	6.8	7.37079
	3.3	6.8	0
	3.7	6.8	0
	3.7	6.8	7.7451
	3.9	6.8	7.7451
	3.9	6.8	0


	4.1	0.2	0
	4.1	0.2	7.65789
	4.3	0.2	7.65789
	4.3	0.2	0
	4.7	0.2	0
	4.7	0.2	7.94845
	4.9	0.2	7.94845
	4.9	0.2	0

	4.1	0.8	0
	4.1	0.8	7.65789
	4.3	0.8	7.65789
	4.3	0.8	0
	4.7	0.8	0
	4.7	0.8	7.94845
	4.9	0.8	7.94845
	4.9	0.8	0


	4.1	2.2	0
	4.1	2.2	7.93827
	4.3	2.2	7.93827
	4.3	2.2	0
	4.7	2.2	0
	4.7	2.2	7.81282
	4.9	2.2	7.81282
	4.9	2.2	0

	4.1	2.8	0
	4.1	2.8	7.93827
	4.3	2.8	7.93827
	4.3	2.8	0
	4.7	2.8	0
	4.7	2.8	7.81282
	4.9	2.8	7.81282
	4.9	2.8	0


	4.1	4.2	0
	4.1	4.2	7.93388
	4.3	4.2	7.93388
	4.3	4.2	0
	4.7	4.2	0
	4.7	4.2	7.68464
	4.9	4.2	7.68464
	4.9	4.2	0

	4.1	4.8	0
	4.1	4.8	7.93388
	4.3	4.8	7.93388
	4.3	4.8	0
	4.7	4.8	0
	4.7	4.8	7.68464
	4.9	4.8	7.68464
	4.9	4.8	0


	4.1	6.2	0
	4.1	6.2	37.1761
	4.3	6.2	37.1761
	4.3	6.2	0
	4.7	6.2	0
	4.7	6.2	7.71892
	4.9	6.2	7.71892
	4.9	6.2	0

	4.1	6.8	0
	4.1	6.8	37.1761
	4.3	6.8	37.1761
	4.3	6.8	0
	4.7	6.8	0
	4.7	6.8	7.71892
	4.9	6.8	7.71892
	4.9	6.8	0


