	0.1	0.2	0
	0.1	0.2	3.23864
	0.3	0.2	3.23864
	0.3	0.2	0
	0.7	0.2	0
	0.7	0.2	2.92345
	0.9	0.2	2.92345
	0.9	0.2	0

	0.1	0.8	0
	0.1	0.8	3.23864
	0.3	0.8	3.23864
	0.3	0.8	0
	0.7	0.8	0
	0.7	0.8	2.92345
	0.9	0.8	2.92345
	0.9	0.8	0


	0.1	2.2	0
	0.1	2.2	1.72315
	0.3	2.2	1.72315
	0.3	2.2	0
	0.7	2.2	0
	0.7	2.2	9.56856
	0.9	2.2	9.56856
	0.9	2.2	0

	0.1	2.8	0
	0.1	2.8	1.72315
	0.3	2.8	1.72315
	0.3	2.8	0
	0.7	2.8	0
	0.7	2.8	9.56856
	0.9	2.8	9.56856
	0.9	2.8	0


	0.1	4.2	0
	0.1	4.2	2.32625
	0.3	4.2	2.32625
	0.3	4.2	0
	0.7	4.2	0
	0.7	4.2	6.40985
	0.9	4.2	6.40985
	0.9	4.2	0

	0.1	4.8	0
	0.1	4.8	2.32625
	0.3	4.8	2.32625
	0.3	4.8	0
	0.7	4.8	0
	0.7	4.8	6.40985
	0.9	4.8	6.40985
	0.9	4.8	0


	0.1	6.2	0
	0.1	6.2	3.17143
	0.3	6.2	3.17143
	0.3	6.2	0
	0.7	6.2	0
	0.7	6.2	3.33333
	0.9	6.2	3.33333
	0.9	6.2	0

	0.1	6.8	0
	0.1	6.8	3.17143
	0.3	6.8	3.17143
	0.3	6.8	0
	0.7	6.8	0
	0.7	6.8	3.33333
	0.9	6.8	3.33333
	0.9	6.8	0


	1.1	0.2	0
	1.1	0.2	3.48897
	1.3	0.2	3.48897
	1.3	0.2	0
	1.7	0.2	0
	1.7	0.2	3.375
	1.9	0.2	3.375
	1.9	0.2	0

	1.1	0.8	0
	1.1	0.8	3.48897
	1.3	0.8	3.48897
	1.3	0.8	0
	1.7	0.8	0
	1.7	0.8	3.375
	1.9	0.8	3.375
	1.9	0.8	0


	1.1	2.2	0
	1.1	2.2	1.72315
	1.3	2.2	1.72315
	1.3	2.2	0
	1.7	2.2	0
	1.7	2.2	9.04086
	1.9	2.2	9.04086
	1.9	2.2	0

	1.1	2.8	0
	1.1	2.8	1.72315
	1.3	2.8	1.72315
	1.3	2.8	0
	1.7	2.8	0
	1.7	2.8	9.04086
	1.9	2.8	9.04086
	1.9	2.8	0


	1.1	4.2	0
	1.1	4.2	2.74588
	1.3	4.2	2.74588
	1.3	4.2	0
	1.7	4.2	0
	1.7	4.2	6.14642
	1.9	4.2	6.14642
	1.9	4.2	0

	1.1	4.8	0
	1.1	4.8	2.74588
	1.3	4.8	2.74588
	1.3	4.8	0
	1.7	4.8	0
	1.7	4.8	6.14642
	1.9	4.8	6.14642
	1.9	4.8	0


	1.1	6.2	0
	1.1	6.2	3.34281
	1.3	6.2	3.34281
	1.3	6.2	0
	1.7	6.2	0
	1.7	6.2	3.11578
	1.9	6.2	3.11578
	1.9	6.2	0

	1.1	6.8	0
	1.1	6.8	3.34281
	1.3	6.8	3.34281
	1.3	6.8	0
	1.7	6.8	0
	1.7	6.8	3.11578
	1.9	6.8	3.11578
	1.9	6.8	0


	2.1	0.2	0
	2.1	0.2	3.22171
	2.3	0.2	3.22171
	2.3	0.2	0
	2.7	0.2	0
	2.7	0.2	3.2103
	2.9	0.2	3.2103
	2.9	0.2	0

	2.1	0.8	0
	2.1	0.8	3.22171
	2.3	0.8	3.22171
	2.3	0.8	0
	2.7	0.8	0
	2.7	0.8	3.2103
	2.9	0.8	3.2103
	2.9	0.8	0


	2.1	2.2	0
	2.1	2.2	1.35574
	2.3	2.2	1.35574
	2.3	2.2	0
	2.7	2.2	0
	2.7	2.2	10.3298
	2.9	2.2	10.3298
	2.9	2.2	0

	2.1	2.8	0
	2.1	2.8	1.35574
	2.3	2.8	1.35574
	2.3	2.8	0
	2.7	2.8	0
	2.7	2.8	10.3298
	2.9	2.8	10.3298
	2.9	2.8	0


	2.1	4.2	0
	2.1	4.2	1.97118
	2.3	4.2	1.97118
	2.3	4.2	0
	2.7	4.2	0
	2.7	4.2	6.88258
	2.9	4.2	6.88258
	2.9	4.2	0

	2.1	4.8	0
	2.1	4.8	1.97118
	2.3	4.8	1.97118
	2.3	4.8	0
	2.7	4.8	0
	2.7	4.8	6.88258
	2.9	4.8	6.88258
	2.9	4.8	0


	2.1	6.2	0
	2.1	6.2	2.82252
	2.3	6.2	2.82252
	2.3	6.2	0
	2.7	6.2	0
	2.7	6.2	3.52689
	2.9	6.2	3.52689
	2.9	6.2	0

	2.1	6.8	0
	2.1	6.8	2.82252
	2.3	6.8	2.82252
	2.3	6.8	0
	2.7	6.8	0
	2.7	6.8	3.52689
	2.9	6.8	3.52689
	2.9	6.8	0


	3.1	0.2	0
	3.1	0.2	3.22264
	3.3	0.2	3.22264
	3.3	0.2	0
	3.7	0.2	0
	3.7	0.2	2.8156
	3.9	0.2	2.8156
	3.9	0.2	0

	3.1	0.8	0
	3.1	0.8	3.22264
	3.3	0.8	3.22264
	3.3	0.8	0
	3.7	0.8	0
	3.7	0.8	2.8156
	3.9	0.8	2.8156
	3.9	0.8	0


	3.1	2.2	0
	3.1	2.2	1.49555
	3.3	2.2	1.49555
	3.3	2.2	0
	3.7	2.2	0
	3.7	2.2	9.47504
	3.9	2.2	9.47504
	3.9	2.2	0

	3.1	2.8	0
	3.1	2.8	1.49555
	3.3	2.8	1.49555
	3.3	2.8	0
	3.7	2.8	0
	3.7	2.8	9.47504
	3.9	2.8	9.47504
	3.9	2.8	0


	3.1	4.2	0
	3.1	4.2	2.44862
	3.3	4.2	2.44862
	3.3	4.2	0
	3.7	4.2	0
	3.7	4.2	6.35476
	3.9	4.2	6.35476
	3.9	4.2	0

	3.1	4.8	0
	3.1	4.8	2.44862
	3.3	4.8	2.44862
	3.3	4.8	0
	3.7	4.8	0
	3.7	4.8	6.35476
	3.9	4.8	6.35476
	3.9	4.8	0


	3.1	6.2	0
	3.1	6.2	3.11416
	3.3	6.2	3.11416
	3.3	6.2	0
	3.7	6.2	0
	3.7	6.2	3.5132
	3.9	6.2	3.5132
	3.9	6.2	0

	3.1	6.8	0
	3.1	6.8	3.11416
	3.3	6.8	3.11416
	3.3	6.8	0
	3.7	6.8	0
	3.7	6.8	3.5132
	3.9	6.8	3.5132
	3.9	6.8	0


	4.1	0.2	0
	4.1	0.2	2.59718
	4.3	0.2	2.59718
	4.3	0.2	0
	4.7	0.2	0
	4.7	0.2	3.33095
	4.9	0.2	3.33095
	4.9	0.2	0

	4.1	0.8	0
	4.1	0.8	2.59718
	4.3	0.8	2.59718
	4.3	0.8	0
	4.7	0.8	0
	4.7	0.8	3.33095
	4.9	0.8	3.33095
	4.9	0.8	0


	4.1	2.2	0
	4.1	2.2	1.39495
	4.3	2.2	1.39495
	4.3	2.2	0
	4.7	2.2	0
	4.7	2.2	9.80737
	4.9	2.2	9.80737
	4.9	2.2	0

	4.1	2.8	0
	4.1	2.8	1.39495
	4.3	2.8	1.39495
	4.3	2.8	0
	4.7	2.8	0
	4.7	2.8	9.80737
	4.9	2.8	9.80737
	4.9	2.8	0


	4.1	4.2	0
	4.1	4.2	2.08411
	4.3	4.2	2.08411
	4.3	4.2	0
	4.7	4.2	0
	4.7	4.2	6.34369
	4.9	4.2	6.34369
	4.9	4.2	0

	4.1	4.8	0
	4.1	4.8	2.08411
	4.3	4.8	2.08411
	4.3	4.8	0
	4.7	4.8	0
	4.7	4.8	6.34369
	4.9	4.8	6.34369
	4.9	4.8	0


	4.1	6.2	0
	4.1	6.2	3.02666
	4.3	6.2	3.02666
	4.3	6.2	0
	4.7	6.2	0
	4.7	6.2	3.197
	4.9	6.2	3.197
	4.9	6.2	0

	4.1	6.8	0
	4.1	6.8	3.02666
	4.3	6.8	3.02666
	4.3	6.8	0
	4.7	6.8	0
	4.7	6.8	3.197
	4.9	6.8	3.197
	4.9	6.8	0


