Tile ID						Power estimation

0						0.0120975
1						0.0105478
2						0.00804396
3						0.00590651
4						0.00364804
5						0.017294
6						0.0200965
7						0.0265927
8						0.021649
9						0.00885621
10						0.00653797
11						0.0065095
12						0.0067447
13						0.00650102
14						0.00656547
15						0.00524787
16						0.0052388
17						0.00533168
18						0.00514481
19						0.005144
20						0.00401399
21						0.00617058
22						0.00838229
23						0.0105009
24						0.0120599


Total Netwok Power(In Watt):0.234826