#Simcount		average latency
1		0
2		0
3		0
4		0
5		0
6		0
7		0
8		0
9		0
10		0
11		0
12		0
13		0
14		0
15		0
16		0
17		0
18		0
19		0
20		10
21		10
22		0
23		0
24		8
25		0
26		10
27		0
28		8
29		10.2
30		13
31		0
32		9
33		9
34		6
35		6
36		11
37		9.2
38		7
39		0
40		10.3333
41		7.66667
42		8.75
43		14
44		8.25
45		8.4
46		8.66667
47		0
48		7.14286
49		11
50		7.5
51		8
52		8
53		7.875
54		7
55		0
56		10.2
57		8.5
58		10.25
59		0
60		8.66667
61		9.42857
62		6
63		11
64		7.5
65		10
66		7.66667
67		8
68		9.25
69		10.25
70		8
71		13
72		7.5
73		8.11111
74		9.33333
75		8
76		10
77		8
78		8
79		0
80		8.25
81		9.33333
82		9.33333
83		8
84		8
85		10
86		8.5
87		16
88		7.6
89		9.125
90		9
91		0
92		8.6
93		11
94		11
95		8
96		8.71429
97		7.75
98		9.75
99		0
100		8.6
101		11.3333
102		11
103		7
104		9.5
105		8.8
106		12
107		0
108		11.6
109		7.8
110		10
111		8
112		7.75
113		7.66667
114		13.5
115		0
116		7.33333
117		12.4
118		9.25
119		13
120		7.33333
121		9.2
122		8.5
123		7
124		11.8571
125		9
126		9
127		8
128		9.57143
129		11
130		9.4
131		0
132		7.75
133		10.875
134		6
135		0
136		11
137		9.33333
138		9.75
139		0
140		10.75
141		7.83333
142		8
143		18
144		10
145		8
146		10.5714
147		8
148		8
149		8
150		10.2
151		0
152		0
153		12
154		8
155		8
156		8
157		10.4
158		0
159		9
160		11.5714
161		10.25
162		8
163		8.33333
164		8
165		8
166		13.4
167		7
168		8
169		8
170		21
171		0
172		12.6667
173		9.9
174		7.66667
175		9
176		9.8
177		10.6
178		0
179		0
180		12.5714
181		10
182		7.4
183		7.33333
184		8
185		11.6667
186		20
187		0
188		8
189		7.85714
190		11.75
191		9.25
192		13.5
193		13.2
194		7
195		0
196		9.6
197		10.8571
198		0
199		0
200		11.8571
201		14.25
202		7
203		9
204		10.2
205		9.75
206		12.3333
207		11
208		7.66667
209		9.1
210		25
211		0
212		11.5
213		7.33333
214		6
215		0
216		11.5
217		11.6
218		12
219		0
220		7.625
221		13.4
222		9.33333
223		0
224		9.6
225		12.8
226		8.33333
227		9
228		10.5
229		8
230		18
231		0
232		14.5
233		8.83333
234		7.6
235		0
236		11
237		12.1429
238		11.5
239		0
240		7.4
241		12.4286
242		7.33333
243		12.5
244		10.2
245		9.42857
246		15.5
247		0
248		13.3333
249		8.33333
250		7
251		8
252		11.4
253		11
254		8
255		0
256		8
257		10.5
258		8
259		14.3333
260		7.6
261		12.375
262		8
263		0
264		12
265		8
266		18
267		8
268		12.1667
269		7.8
270		8
271		0
272		10.6667
273		16.75
274		8
275		8
276		8
277		11.2222
278		8.66667
279		28
280		11.75
281		7.6
282		11
283		6
284		14.6
285		7.66667
286		12.6
287		7
288		9.66667
289		10
290		8
291		8
292		9
293		16.8
294		8
295		8
296		10.7143
297		11
298		0
299		19
300		20
301		8.14286
302		8
303		8
304		10.1667
305		8
306		23
307		8
308		7.33333
309		10.8
310		18
311		0
312		8
313		14.625
314		7.4
315		0
316		13
317		10.2
318		8
319		32
320		14
321		8.4
322		11.2
323		0
324		9.83333
325		7.66667
326		25.6667
327		7.5
328		8
329		11.8571
330		13.3333
331		0
332		8.2
333		15.7143
334		7.66667
335		8
336		12.5
337		12.3333
338		8
339		34
340		13.25
341		10.1429
342		9.75
343		0
344		15.7143
345		8
346		35
347		7.66667
348		10.2857
349		11.5714
350		15
351		0
352		9
353		13.4286
354		7
355		8
356		12.6667
357		11.9
358		8.5
359		9
360		10.2
361		7.75
362		34
363		8
364		10.1429
365		9.25
366		13.7143
367		7
368		14.5
369		8
370		9
371		8
372		11.5714
373		15
374		8
375		8
376		7.5
377		18.6667
378		6
379		0
380		14.3333
381		10.7
382		12
383		0
384		10.2
385		11.25
386		20.25
387		0
388		13.1667
389		7.83333
390		8.33333
391		0
392		14
393		16.6667
394		17.3333
395		9.33333
396		9.42857
397		12
398		7
399		40
400		9
401		11.2857
402		8
403		0
404		12.6667
405		9.85714
406		23.5
407		0
408		22.5
409		7.8
410		10.5
411		9
412		12
413		13.7
414		14.8
415		0
416		7
417		7
418		11
419		21
420		12.4
421		11.5556
422		8
423		9.5
424		7.25
425		11.5
426		28
427		0
428		13.3333
429		10.4286
430		9.33333
431		8.33333
432		14
433		16
434		24
435		0
436		7.71429
437		11.5
438		8.5
439		40
440		12.1667
441		14.4286
442		8.66667
443		0
444		7.42857
445		7.66667
446		23
447		7.5
448		15.8333
449		7.83333
450		8
451		9
452		11
453		15.6667
454		14.2
455		8
456		8
457		12.2727
458		8.25
459		0
460		8
461		11.75
462		27.3333
463		7
464		10
465		8
466		8
467		0
468		24.5
469		11.5
470		10
471		11
472		13.1667
473		8
474		8
475		36
476		9
477		13.2
478		6
479		0
480		8
481		16.1667
482		36
483		7
484		14.625
485		8
486		8.33333
487		0
488		24
489		17.6667
490		21.5
491		8.5
492		12.8333
493		8.2
494		8
495		38
496		15.4
497		17
498		7.5
499		8
500		14.2
501		13
502		24
503		13
504		10.8333
505		7.66667
506		6
507		0
508		15.75
509		17.7143
510		7.5
511		0
512		7.8
513		14.8
514		14.75
515		23
516		15.75
517		9.75
518		8.25
519		0
520		16.1667
521		13.7
522		8
523		0
524		14.75
525		13.8
526		15.3333
527		13
528		15.25
529		10.4545
530		0
531		0
532		8.85714
533		13.75
534		23
535		0
536		12
537		7.75
538		9
539		0
540		12.6
541		18.3333
542		16.6667
543		9.5
544		8.66667
545		8
546		32
547		38
548		22.5
549		11.25
550		7.5
551		0
552		14.4286
553		14.1667
554		38
555		8
556		14.3333
557		12.1667
558		11.5
559		8.5
560		14.25
561		16.25
562		12.3333
563		8
564		12.4286
565		16
566		17
567		8
568		8.33333
569		8.57143
570		19.2
571		0
572		14
573		11
574		14.75
575		0
576		8.6
577		17.3333
578		7.28571
579		0
580		14.5
581		15.875
582		7.2
583		15
584		13.4
585		7.33333
586		8
587		20.5
588		20.8
589		10.5833
590		8
591		8
592		10
593		17.3333
594		17.6667
595		8
596		17.75
597		8.2
598		7.5
599		0
600		14.1667
601		15
602		24.5
603		8.66667
604		14
605		12.8571
606		18.6667
607		0
608		7.8
609		15.5
610		13.3333
611		7
612		15.25
613		15
614		7
615		8
616		12.6667
617		17.25
618		7
619		8
620		13.8
621		18
622		25
623		8
624		8.71429
625		7.75
626		27.3333
627		6.5
628		17.75
629		14.4
630		7.75
631		0
632		15.75
633		15
634		7.5
635		8
636		18
637		8
638		8.66667
639		24.5
640		13.1667
641		11.2
642		40
643		8
644		16
645		8
646		13.4
647		8
648		19.6667
649		11.1
650		9.5
651		0
652		14.6
653		28.6667
654		7.75
655		7.33333
656		16.5
657		17.8333
658		8.5
659		8
660		15.2
661		8
662		24
663		8
664		15.5
665		8
666		18.6667
667		0
668		22
669		15.3333
670		8
671		7
672		8
673		15.5
674		7.5
675		0
676		19.8333
677		18.6
678		7.5
679		0
680		8
681		8.83333
682		32
683		0
684		13.1667
685		8
686		8
687		9.5
688		13.25
689		21.7143
690		7
691		0
692		8
693		8.66667
694		17.3333
695		38
696		20.3333
697		11.5
698		8
699		0
700		15.5
701		11.25
702		25
703		6
704		21.25
705		11.7143
706		8.5
707		0
708		7.4
709		16.8889
710		8
711		0
712		8
713		7.8
714		14.5
715		0
716		20.1429
717		8.33333
718		8
719		0
720		10.8571
721		13.1667
722		16.3333
723		6
724		7.8
725		22.75
726		7.5
727		38
728		7
729		12
730		10
731		8
732		19.8
733		8
734		13.6
735		8
736		18
737		8.83333
738		7.66667
739		0
740		7.5
741		20
742		13.8
743		8
744		7.6
745		13.2
746		8
747		19.3333
748		27
749		13.8
750		9
751		8
752		14.5
753		9
754		31.6667
755		7
756		12.5714
757		7.66667
758		21
759		10
760		8
761		16.2222
762		17.25
763		7
764		7.71429
765		13.6
766		0
767		20
768		24.3333
769		7.83333
770		8
771		12.5
772		19.2
773		8
774		30.3333
775		6
776		7.75
777		8.25
778		15.6
779		0
780		7.8
781		21.2857
782		8
783		0
784		8
785		12.875
786		8
787		15.75
788		29
789		8.14286
790		8.5
791		0
792		14.6667
793		7.8
794		23.6667
795		8
796		9.8
797		13.8
798		8.5
799		7
800		16.625
801		15.8571
802		7.75
803		0
804		11.7143
805		15.75
806		7
807		23
808		8
809		11.6
810		10
811		6
812		14.25
813		13.3333
814		15.75
815		8
816		13.1429
817		8
818		14.25
819		7.5
820		18.3333
821		15.5
822		14.6
823		8
824		12.6667
825		12.125
826		8
827		8
828		8
829		15.25
830		25.5
831		0
832		13
833		7.5
834		10
835		0
836		29.3333
837		13.8333
838		15.4
839		8
840		8
841		14.6
842		39.5
843		0
844		7.75
845		13.7143
846		8
847		9
848		8
849		17.8333
850		19.6667
851		0
852		14
853		7.75
854		8
855		8
856		19.8333
857		15.2
858		7.25
859		9
860		13.4
861		22
862		40
863		42
864		8
865		10.875
866		8.5
867		0
868		25
869		13.5
870		30
871		8
872		13.4
873		8
874		16.75
875		0
876		18.75
877		16.25
878		15.5
879		6.5
880		14.8333
881		8
882		24
883		42
884		8
885		11.1429
886		7.5
887		13.5
888		8
889		17.4286
890		40
891		0
892		11.8571
893		13.1667
894		11
895		0
896		16.75
897		14.2
898		17.3333
899		0
900		13.7143
901		11.3333
902		43
903		8
904		8
905		13.4286
906		14.75
907		21
908		7.5
909		17.2857
910		8.33333
911		6
912		18
913		13.2
914		11.5
915		0
916		17.4286
917		7.25
918		40
919		21
920		20
921		9.75
922		18.6667
923		0
924		8
925		15.8889
926		17
927		0
928		9.28571
929		19.8
930		12
931		0
932		14.2
933		11.625
934		8.33333
935		0
936		17
937		7.6
938		24.5
939		14.75
940		23.75
941		8.33333
942		8
943		0
944		8
945		14.1429
946		23.5
947		0
948		8.2
949		7.75
950		6.66667
951		0
952		17
953		11.4
954		8
955		0
956		30
957		9.8
958		22.5
959		40
960		8.33333
961		13.2
962		10
963		0
964		18
965		18
966		16.75
967		8
968		11.1111
969		14.5
970		19
971		0
972		24
973		12.1429
974		15.5
975		12
976		17.1667
977		8.2
978		9
979		23
980		13.25
981		12.3333
982		0
983		8.5
984		11.625
985		15
986		18.6667
987		0
988		15.4
989		8
990		7
991		0
992		14.4
993		15.5556
994		15
995		0
996		7.6
997		10
998		16.25
999		40
1000		20.5
1001		8.5
1002		8.66667
1003		11.5
1004		10.75
1005		23.1667
1006		6.5
1007		0
1008		8.6
1009		18.4286
1010		7.66667
1011		0
1012		12.25
1013		8.14286
1014		0
1015		0
1016		17.4
1017		9.22222
1018		18.6667
1019		0
1020		12.7778
1021		8.66667
1022		10
1023		38
1024		6.75
1025		12.375
1026		7
1027		8
1028		15
1029		17
1030		9
1031		23
1032		7.5
1033		7.75
1034		9
1035		0
1036		25.3333
1037		12.25
1038		15.75
1039		8
1040		17.6
1041		8.25
1042		8
1043		0
1044		13.8
1045		14.75
1046		8.33333
1047		8
1048		8
1049		19.75
1050		23.5
1051		41
1052		8.2
1053		8.375
1054		8.66667
1055		8
1056		20
1057		14.2
1058		25
1059		8
1060		8
1061		8.71429
1062		13.8
1063		7
1064		16.25
1065		14.75
1066		0
1067		7
1068		8
1069		12.1429
1070		16.6667
1071		40
1072		7.4
1073		8
1074		9
1075		0
1076		16.6667
1077		14
1078		0
1079		9.66667
1080		8
1081		17.6667
1082		18
1083		6.5
1084		12.4286
1085		12.3333
1086		16.6667
1087		14
1088		9
1089		17
1090		12.4
1091		6
1092		11.7143
1093		8.16667
1094		8
1095		0
1096		24
1097		11
1098		14.2
1099		6
1100		7.66667
1101		17.5
1102		22
1103		6
1104		18.6667
1105		8.16667
1106		14
1107		37
1108		8
1109		14.7778
1110		11.6667
1111		0
1112		8
1113		16.5
1114		8
1115		7
1116		15.5
1117		12
1118		7.66667
1119		0
1120		20.5714
1121		8
1122		14
1123		29
1124		15
1125		8.83333
1126		13
1127		13
1128		9.33333
1129		21.4
1130		19.5
1131		8.5
1132		12
1133		11.625
1134		11
1135		6
1136		20.2
1137		11.6667
1138		7.5
1139		8
1140		23.1667
1141		9.2
1142		8
1143		13.25
1144		13.5
1145		18
1146		8
1147		9
1148		8
1149		8.33333
1150		15.3333
1151		8
1152		21.75
1153		14.4
1154		8.5
1155		9.5
1156		7.4
1157		11
1158		36
1159		6
1160		12.4286
1161		8.5
1162		7.5
1163		8
1164		16.6667
1165		12.1667
1166		20.2
1167		8
1168		12.8
1169		8.66667
1170		8
1171		8
1172		18
1173		18.7143
1174		9
1175		9
1176		9.25
1177		11.375
1178		38
1179		0
1180		12.5714
1181		7.25
1182		15.6
1183		0
1184		15.25
1185		15.75
1186		8
1187		0
1188		7.5
1189		16.5714
1190		7.33333
1191		18
1192		16.4
1193		13.1667
1194		0
1195		41
1196		37
1197		8.2
1198		10
1199		8
1200		19.4
1201		7.33333
1202		42
1203		0
1204		11
1205		31.75
1206		7.8
1207		8
1208		8.25
1209		20.6
1210		8
1211		7
1212		18
1213		14
1214		19
1215		32.5
1216		23
1217		9.14286
1218		18.5
1219		6
1220		12.8333
1221		13.6
1222		24
1223		0
1224		10
1225		17
1226		8
1227		8
1228		14.6
1229		14.625
1230		7
1231		6
1232		15
1233		11.5
1234		14.25
1235		24
1236		11.6
1237		7.8
1238		15.8333
1239		6.5
1240		15.5
1241		7.5
1242		24
1243		8
1244		14.5
1245		17.6
1246		7.6
1247		8.5
1248		8.2
1249		15.8333
1250		6
1251		23
1252		15.75
1253		15.5
1254		8.33333
1255		24
1256		11.75
1257		10.3333
1258		24.5
1259		8
1260		16.8
1261		22.5
1262		9
1263		8
1264		11.5
1265		17.25
1266		23
1267		8
1268		10.8
1269		7.8
1270		20
1271		0
1272		15.75
1273		12.3
1274		21.6667
1275		7
1276		13.8
1277		11.6667
1278		7
1279		0
1280		14.6667
1281		16.5
1282		8
1283		8
1284		9.5
1285		9
1286		28.5
1287		38
1288		12.5
1289		10.4
1290		8.5
1291		0
1292		7.66667
1293		18.25
1294		22
1295		9.5
1296		8
1297		17.6667
1298		8
1299		0
1300		19.2857
1301		7.85714
1302		17
1303		8
1304		14.5
1305		7.66667
1306		27.5
1307		0
1308		7.6
1309		8.33333
1310		8
1311		0
1312		15.25
1313		17.5
1314		7
1315		9
1316		12.3333
1317		11.3333
1318		7.6
1319		33
1320		18
1321		7.5
1322		8.33333
1323		0
1324		17.8
1325		8.2
1326		21
1327		8
1328		9.75
1329		12.375
1330		7.33333
1331		0
1332		8
1333		17.8
1334		7
1335		8
1336		14.5
1337		8
1338		8
1339		35
1340		17
1341		8.33333
1342		14.75
1343		6
1344		14.6667
1345		8
1346		27.6667
1347		6.5
1348		9.8
1349		12.75
1350		13
1351		0
1352		7.33333
1353		18
1354		0
1355		0
1356		7.85714
1357		13.5
1358		9
1359		37
1360		17.2857
1361		7.8
1362		0
1363		7
1364		12
1365		8
1366		21.4
1367		0
1368		8
1369		11.8889
1370		16.5
1371		0
1372		15
1373		13.8
1374		7
1375		15
1376		15.25
1377		10.2857
1378		0
1379		22.5
1380		9
1381		8
1382		14.2
1383		8
1384		17
1385		12
1386		18.3333
1387		8
1388		13.3333
1389		17.25
1390		8
1391		7.5
1392		13.5
1393		18.6667
1394		12.25
1395		0
1396		7.25
1397		12
1398		6
1399		27.5
1400		12.5
1401		13.5
1402		0
1403		9
1404		8
1405		11.5
1406		15.25
1407		7
1408		15.8
1409		12.3077
1410		0
1411		0
1412		18.3333
1413		15.5
1414		9.5
1415		7
1416		15
1417		12.4286
1418		8.5
1419		23
1420		10.6667
1421		14
1422		18.6
1423		7
1424		8
1425		8.14286
1426		24
1427		8
1428		15.6
1429		19
1430		8
1431		8
1432		8
1433		14.2
1434		0
1435		0
1436		16.2857
1437		18.1667
1438		10
1439		0
1440		16
1441		8
1442		42
1443		0
1444		14.8
1445		13.5714
1446		13.5
1447		0
1448		37
1449		13
1450		7
1451		6
1452		14
1453		14.4444
1454		7.33333
1455		8.5
1456		16.5
1457		10.6667
1458		8
1459		17.6667
1460		24.6
1461		7.6
1462		7.5
1463		8
1464		8
1465		18.75
1466		17
1467		8
1468		7.8
1469		19
1470		8.33333
1471		0
1472		8.66667
1473		15
1474		7.5
1475		8
1476		14
1477		8
1478		24.5
1479		0
1480		23
1481		11.4286
1482		14
1483		0
1484		8
1485		19
1486		8
1487		0
1488		7.8
1489		16
1490		8
1491		38
1492		11.1429
1493		8
1494		8
1495		0
1496		17.5714
1497		8
1498		36
1499		8
1500		8
1501		8.25
1502		18.6667
1503		0
1504		8
1505		17.6
1506		7.66667
1507		0
1508		8.33333
1509		10.7273
1510		8
1511		41
1512		24
1513		8
1514		8.5
1515		9
1516		14.2
1517		8
1518		24.1667
1519		7
1520		12.5714
1521		8.33333
1522		8
1523		8
1524		7.66667
1525		21.1429
1526		8
1527		0
1528		7.8
1529		16.25
1530		0
1531		0
1532		24
1533		9.125
1534		13.5
1535		0
1536		29.3333
1537		8.33333
1538		36
1539		0
1540		7.16667
1541		17.5714
1542		12.6667
1543		0
1544		8
1545		22.5
1546		7.75
1547		42
1548		10.8889
1549		14.2
1550		8
1551		8.5
1552		23
1553		17
1554		36
1555		7.66667
1556		7.66667
1557		13.5
1558		15.5
1559		0
1560		17.5
1561		12.3333
1562		15.5
1563		0
1564		13.5
1565		9
1566		9.66667
1567		0
1568		16.5
1569		18.1429
1570		8
1571		10.25
1572		8
1573		21.3333
1574		17.3333
1575		34
1576		19.6667
1577		7.83333
1578		7.66667
1579		8
1580		18.5
1581		23.5
1582		19.6
1583		7
1584		8.75
1585		7.66667
1586		8.5
1587		0
1588		15.6
1589		22.1429
1590		7
1591		11.5
1592		8.33333
1593		13.2
1594		24
1595		0
1596		20.6667
1597		8
1598		14.25
1599		8
1600		25.75
1601		13.5
1602		15
1603		6
1604		8
1605		13.1667
1606		8.33333
1607		0
1608		16
1609		16.3333
1610		9.66667
1611		8.5
1612		12
1613		7.66667
1614		40
1615		0
1616		16.5
1617		8.33333
1618		15.375
1619		0
1620		12.5714
1621		8
1622		24.5
1623		7
1624		17.3333
1625		14.7778
1626		8
1627		0
1628		7.8
1629		15.4
1630		6.5
1631		37
1632		12.6667
1633		12.4286
1634		8.5
1635		0
1636		19.3333
1637		7.75
1638		20.2
1639		7
1640		16.25
1641		8
1642		19.3333
1643		0
1644		16.6667
1645		16.7143
1646		12.5
1647		11
1648		7.57143
1649		8
1650		6
1651		39
1652		20.2
1653		11.1111
1654		7
1655		7.5
1656		8
1657		14.4
1658		15
1659		6.5
1660		16.25
1661		17.6667
1662		8
1663		0
1664		9
1665		13.3333
1666		8
1667		8
1668		18
1669		13.25
1670		39
1671		8
1672		28
1673		9
1674		7
1675		0
1676		14.8
1677		11.625
1678		37
1679		41
1680		8.33333
1681		8
1682		20
1683		37
1684		8
1685		13.5
1686		10.3333
1687		7.5
1688		15.75
1689		19.5
1690		7
1691		8
1692		17.3333
1693		9.4
1694		7
1695		7
1696		31
1697		10.6
1698		25
1699		0
1700		7.83333
1701		8
1702		25
1703		8
1704		13.6667
1705		19.1667
1706		8.5
1707		0
1708		7.5
1709		17
1710		20
1711		8
1712		12.5
1713		9.14286
1714		44
1715		0
1716		18
1717		12.6
1718		41
1719		0
1720		7.77778
1721		23
1722		22.6667
1723		0
1724		8.66667
1725		17.3333
1726		9
1727		45
1728		10.4
1729		13.6667
1730		8.33333
1731		8
1732		15.75
1733		8
1734		45
1735		8
1736		20.4
1737		10.8
1738		7.5
1739		0
1740		9.33333
1741		18.8333
1742		18.3333
1743		0
1744		10.1667
1745		21
1746		9
1747		0
1748		25.75
1749		8
1750		17.3333
1751		8.5
1752		16.4286
1753		10.5
1754		0
1755		0
1756		8
1757		16.875
1758		24
1759		0
1760		7.5
1761		12.5714
1762		9
1763		36
1764		14.1429
1765		14.5714
1766		7.66667
1767		0
1768		15
1769		8
1770		21.8
1771		7
1772		20.6667
1773		10.7778
1774		15.5
1775		6
1776		7
1777		23.25
1778		16.25
1779		13
1780		18.3333
1781		7.57143
1782		8
1783		38
1784		17.8333
1785		12.8333
1786		13
1787		8
1788		7.8
1789		12.6667
1790		23.5
1791		8
1792		12.5
1793		13.3
1794		0
1795		0
1796		12.3333
1797		19
1798		15.25
1799		0
1800		19
1801		8
1802		34
1803		40
1804		16
1805		15.75
1806		8
1807		0
1808		14
1809		14.75
1810		24.5
1811		8
1812		16.2
1813		8
1814		17.5
1815		0
1816		18.6667
1817		15.75
1818		18.6667
1819		7.5
1820		12.5
1821		8.33333
1822		23
1823		40
1824		20.4
1825		8
1826		12
1827		0
1828		16.8333
1829		8.2
1830		35
1831		7
1832		11.2857
1833		7.6
1834		8
1835		0
1836		11.6
1837		19.5
1838		8
1839		7.5
1840		7.8
1841		17.6667
1842		17
1843		40
1844		17
1845		7.71429
1846		8
1847		8
1848		28.3333
1849		12.75
1850		18.1667
1851		8
1852		7.71429
1853		12.8333
1854		0
1855		7
1856		17
1857		21.5556
1858		7.25
1859		0
1860		11
1861		8
1862		6.5
1863		0
1864		26.6
1865		7.83333
1866		18.2
1867		9
1868		16
1869		7.75
1870		20.4
1871		6
1872		10
1873		19.2
1874		7.8
1875		22.5
1876		7
1877		22
1878		8
1879		14.3333
1880		12.6667
1881		10.25
1882		26.5
1883		8
1884		16
1885		14.5
1886		7
1887		0
1888		11.5
1889		24.2
1890		42
1891		0
1892		10.5
1893		8
1894		13.3333
1895		47
1896		16.7143
1897		13.6
1898		0
1899		10.3333
1900		16.3333
1901		13.5
1902		11
1903		0
1904		27.6667
1905		8.5
1906		7.33333
1907		0
1908		14.7143
1909		14.8571
1910		8
1911		7
1912		17.6667
1913		15.8
1914		13.6667
1915		27
1916		14
1917		15.2
1918		8.25
1919		8
1920		19
1921		18.2
1922		15.5
1923		8
1924		8
1925		12
1926		8
1927		7
1928		14.8571
1929		15.8571
1930		8
1931		8
1932		15
1933		12
1934		20.5
1935		24
1936		13.2
1937		8
1938		20
1939		0
1940		7.33333
1941		18.8
1942		14.2
1943		25
1944		10.1429
1945		14.625
1946		8
1947		0
1948		7.66667
1949		14.5714
1950		12.5
1951		6
1952		16.1429
1953		8
1954		9
1955		39
1956		12.5
1957		7.375
1958		28
1959		0
1960		12
1961		16.2857
1962		19
1963		0
1964		12.6667
1965		11.5
1966		8
1967		0
1968		15.75
1969		15.5
1970		8.5
1971		8
1972		13.25
1973		8
1974		28
1975		24
1976		12.8571
1977		7.8
1978		8
1979		8
1980		16.5
1981		17.4286
1982		18
1983		0
1984		11.3333
1985		8.4
1986		17
1987		6
1988		21.8
1989		14.375
1990		10.5
1991		9
1992		14
1993		18.3333
1994		22.5
1995		6
1996		11.2857
1997		15
1998		21.5
1999		0
2000		8
2001		12.8889
2002		7.75
2003		19
2004		14.4
2005		12.1429
2006		15
2007		0
2008		16.75
2009		13.6667
2010		12.1667
2011		8.5
2012		14
2013		8
2014		17.6667
2015		0
2016		9
2017		14.75
2018		8.5
2019		8
2020		8
2021		16.4444
2022		8
2023		7.66667
2024		12.2857
2025		13
2026		0
2027		21
2028		16.2857
2029		11
2030		7.75
2031		8
2032		17
2033		11.5714
2034		27.6667
2035		0
2036		12.625
2037		8
2038		13.3333
2039		0
2040		7.5
2041		20
2042		17.6667
2043		0
2044		11.2
2045		13.6667
2046		8
2047		36
2048		16.7143
2049		14.4
2050		8
2051		9
2052		12.5
2053		7.75
2054		23.25
2055		0
2056		15.5
2057		10.8333
2058		8
2059		0
2060		12.1429
2061		20.75
2062		13.8
2063		0
2064		19
2065		8
2066		8
2067		22.5
2068		10.625
2069		13.8333
2070		14
2071		0
2072		14.3333
2073		12
2074		15.5
2075		0
2076		13.8571
2077		14
2078		8
2079		0
2080		16.75
2081		13.1667
2082		14
2083		8
2084		11.4
2085		16.625
2086		18.3333
2087		6
2088		12.8
2089		8
2090		14.5
2091		7
2092		18.3333
2093		11
2094		15.6667
2095		0
2096		17.6667
2097		13
2098		25
2099		8
2100		12.8
2101		12.6667
2102		8
2103		0
2104		12.75
2105		24.75
2106		15.6667
2107		8
2108		7.75
2109		15
2110		18.2
2111		8
2112		15.5714
2113		7.33333
2114		8
2115		0
2116		22.7143
2117		12.6667
2118		7.66667
2119		0
2120		10.7143
2121		9
2122		0
2123		22
2124		7.33333
2125		18.9
2126		7.75
2127		0
2128		8
2129		8
2130		32.5
2131		6
2132		20.7143
2133		7.8
2134		8
2135		8
2136		11
2137		14.4
2138		26
2139		7
2140		8
2141		12
2142		23.5
2143		40
2144		12.1429
2145		11.7143
2146		7.66667
2147		25
2148		18
2149		18.5
2150		8
2151		0
2152		11.7143
2153		13.8
2154		8
2155		8
2156		18.2
2157		15.25
2158		6
2159		0
2160		7.83333
2161		15.3333
2162		27.3333
2163		0
2164		18.3333
2165		7.875
2166		6.5
2167		0
2168		19.25
2169		19.8
2170		15.5
2171		0
2172		12.6
2173		8
2174		13.25
2175		23
2176		14.375
2177		18.6667
2178		8
2179		8
2180		12.5
2181		11.8
2182		28.3333
2183		0
2184		19
2185		11.8
2186		14.6667
2187		0
2188		7.66667
2189		19.5714
2190		24.5
2191		9
2192		11.2857
2193		7.5
2194		8.5
2195		41
2196		21.2857
2197		7.83333
2198		17
2199		8
2200		15.25
2201		8
2202		40
2203		17.5
2204		7.42857
2205		8
2206		8.5
2207		31
2208		8
2209		19.875
2210		8
2211		8
2212		12.2
2213		8.66667
2214		16
2215		24
2216		21.8333
2217		7.6
2218		8
2219		8
2220		15.6667
2221		8
2222		28.6667
2223		8
2224		13.3333
2225		11.3333
2226		9
2227		38
2228		7.5
2229		17.125
2230		7
2231		0
2232		18
2233		15
2234		10.6667
2235		8
2236		16.8333
2237		10.5
2238		18
2239		6
2240		10.2
2241		15
2242		8.5
2243		17.3333
2244		11
2245		16.2857
2246		8
2247		0
2248		14.6667
2249		13.5
2250		10.6667
2251		22
2252		17.3333
2253		9.11111
2254		18
2255		0
2256		11.8571
2257		7.33333
2258		28
2259		0
2260		12.5
2261		15.25
2262		15.25
2263		0
2264		7.33333
2265		14.2
2266		11.6667
2267		6
2268		16.4286
2269		11.375
2270		8
2271		38
2272		18
2273		10.2
2274		14
2275		17.6667
2276		8.25
2277		13.6
2278		16
2279		8
2280		11
2281		12.2857
2282		13
2283		0
2284		11.5
2285		18.3333
2286		20
2287		8
2288		16
2289		12.8333
2290		14.5
2291		24
2292		15
2293		11.1667
2294		0
2295		9
2296		15.5
2297		13.1818
2298		18
2299		0
2300		16
2301		8
2302		8
2303		0
2304		17.2222
2305		13.625
2306		8
2307		7
2308		14.5
2309		20
2310		18
2311		0
2312		9.625
2313		11.8333
2314		13.8
2315		8
2316		18.6667
2317		35
2318		8.5
2319		0
2320		7.5
2321		13
2322		7.66667
2323		35
2324		18.6
2325		9.5
2326		10
2327		30.5
2328		7.42857
2329		18
2330		24
2331		0
2332		13.3333
2333		16
2334		11
2335		8
2336		8.83333
2337		14.4
2338		23.5
2339		7
2340		22
2341		11.8
2342		18
2343		0
2344		23.75
2345		8.33333
2346		15
2347		0
2348		24.6667
2349		13
2350		10.6667
2351		7
2352		7.25
2353		22.3333
2354		25.5
2355		24
2356		7.5
2357		14.25
2358		9.25
2359		8
2360		21.2857
2361		7.2
2362		19
2363		0
2364		19
2365		8.5
2366		14.5
2367		7
2368		7.66667
2369		20.25
2370		12.25
2371		8
2372		8
2373		12.5
2374		28.5
2375		42
2376		11.8333
2377		11
2378		0
2379		12
2380		18.5
2381		8.33333
2382		20.8
2383		0
2384		11.1667
2385		8
2386		29.3333
2387		0
2388		8
2389		22.8333
2390		8.33333
2391		7
2392		8
2393		35.5
2394		0
2395		8
2396		13.2
2397		12.1429
2398		9
2399		0
2400		17.6667
2401		7.33333
2402		27.3333
2403		0
2404		15
2405		8.5
2406		24.6667
2407		9
2408		7.5
2409		22.8333
2410		10.5
2411		0
2412		14
2413		15.7778
2414		7
2415		8
2416		16.8
2417		7.83333
2418		23.5
2419		9
2420		13.1667
2421		8
2422		23.5
2423		0
2424		23.25
2425		12
2426		8
2427		0
2428		8.33333
2429		21.9
2430		7.33333
2431		8
2432		7.75
2433		15.2
2434		8
2435		7
2436		19
2437		10.2
2438		13.6667
2439		0
2440		7.5
2441		9.25
2442		32.75
2443		6.66667
2444		8
2445		19.4
2446		8.2
2447		0
2448		8
2449		15.875
2450		10
2451		19.3333
2452		17.5
2453		12.8333
2454		7.5
2455		0
2456		17.6667
2457		15.2
2458		16.8333
2459		0
2460		13
2461		8.5
2462		15.75
2463		6
2464		7
2465		17.5556
2466		17
2467		0
2468		8
2469		11.875
2470		0
2471		0
2472		20.4286
2473		14
2474		9
2475		0
2476		18.4
2477		9.33333
2478		19.3333
2479		46
2480		8
2481		12.7143
2482		16.5
2483		6
2484		8
2485		25.4
2486		16.75
2487		8
2488		12.8333
2489		11.1667
2490		8
2491		0
2492		20.8571
2493		14
2494		7.66667
2495		0
2496		11.8333
2497		13.5
2498		40
2499		6
2500		12
2501		16.25
2502		14.2
2503		0
2504		7.25
2505		24
2506		9
2507		0
2508		14.4
2509		13
2510		8.5
2511		9
2512		18.3333
2513		16.5
2514		23
2515		16
2516		10.6667
2517		13.1667
2518		18
2519		8
2520		7.5
2521		19
2522		19.7143
2523		8
2524		8
2525		12.7143
2526		8
2527		6
2528		28
2529		18.375
2530		8
2531		0
2532		7
2533		8.28571
2534		25
2535		21.75
2536		17.6667
2537		8.2
2538		8.33333
2539		0
2540		8
2541		12
2542		19.7143
2543		8
2544		8
2545		14.4
2546		8
2547		6
2548		17.8333
2549		15
2550		8
2551		9
2552		15.75
2553		13.6
2554		19
2555		28.3333
2556		11.5
2557		13
2558		8.33333
2559		35
2560		8
2561		14.2
2562		13.8
2563		0
2564		11.7143
2565		14.8889
2566		7.5
2567		8
2568		13.8
2569		15.5
2570		8
2571		9
2572		15.625
2573		12.8333
2574		18.6667
2575		40
2576		8
2577		8
2578		20
2579		8
2580		13.8
2581		13.6667
2582		27
2583		8
2584		7.25
2585		16.25
2586		17.6667
2587		9
2588		17.3333
2589		11.75
2590		17.6667
2591		9
2592		13.1667
2593		8
2594		18
2595		24
2596		13.4
2597		12.3333
2598		13.3333
2599		0
2600		14.5
2601		27.3333
2602		23.5
2603		11.3333
2604		12.8333
2605		11.2857
2606		10.2
2607		8
2608		19.8
2609		15.5714
2610		6.5
2611		7.75
2612		7.75
2613		12.1429
2614		18.6667
2615		0
2616		11.5
2617		11.4444
2618		8.5
2619		7.33333
2620		24
2621		12.2857
2622		26.3333
2623		7.5
2624		15.25
2625		8.4
2626		14.8
2627		8
2628		16.5
2629		12.1429
2630		15.25
2631		0
2632		14.2
2633		8
2634		26.3333
2635		40
2636		12.2857
2637		12
2638		8.66667
2639		0
2640		13.75
2641		16.1429
2642		18.6667
2643		7
2644		21.25
2645		8
2646		8.25
2647		8
2648		15
2649		15.1429
2650		18.3333
2651		8
2652		7.5
2653		16.25
2654		22.25
2655		0
2656		11
2657		11.1
2658		17.3333
2659		0
2660		8
2661		37.5
2662		13.3333
2663		7
2664		18.6667
2665		8
2666		15
2667		21
2668		23.25
2669		11.8333
2670		8
2671		9
2672		15.6667
2673		15
2674		8
2675		16.3333
2676		8.5
2677		17.8571
2678		13.25
2679		7.5
2680		10
2681		8.4
2682		14.25
2683		24
2684		17
2685		7.71429
2686		7.5
2687		0
2688		7.5
2689		19.1429
2690		19.8
2691		7
2692		8
2693		14.4
2694		8
2695		22.5
2696		16.5
2697		16.8
2698		7.5
2699		0
2700		7.75
2701		8.25
2702		12.3333
2703		0
2704		23.1667
2705		11
2706		9
2707		9
2708		11.2857
2709		27.3333
2710		19.3333
2711		7.33333
2712		12.6
2713		8.5
2714		7
2715		35.5
2716		8.25
2717		15.625
2718		15.3333
2719		8
2720		7.33333
2721		7.5
2722		27
2723		7
2724		17.7143
2725		10.875
2726		8
2727		8
2728		8
2729		19.3333
2730		8
2731		17.6667
2732		11.8333
2733		22.2857
2734		8
2735		0
2736		14.75
2737		7.5
2738		36
2739		8.33333
2740		18
2741		11.375
2742		8
2743		0
2744		7.5
2745		20
2746		25
2747		8
2748		12.6667
2749		8
2750		9
2751		36
2752		19.2
2753		25.75
2754		8
2755		8
2756		11.625
2757		13.6
2758		21
2759		13.5
2760		20.1667
2761		7.66667
2762		23
2763		9
2764		13.4
2765		20.6
2766		16.5
2767		8
2768		7
2769		17.7778
2770		7.66667
2771		0
2772		8
2773		16.4286
2774		17
2775		8
2776		18
2777		8
2778		7
2779		0
2780		30.5
2781		12.1667
2782		17.3333
2783		0
2784		7.625
2785		7.5
2786		38.3333
2787		36
2788		8
2789		11.375
2790		9
2791		0
2792		15.375
2793		12.8333
2794		36
2795		8
2796		19.4
2797		8
2798		22.5
2799		0
2800		18.6667
2801		11.5556
2802		14.75
2803		9
2804		17.3333
2805		14.8889
2806		40
2807		0
2808		17.3333
2809		9.83333
2810		7.85714
2811		37
2812		16.1429
2813		14
2814		39
2815		0
2816		12.1667
2817		7.4
2818		8
2819		0
2820		17.1429
2821		17.1429
2822		37
2823		7.5
2824		8
2825		12.5714
2826		18.3333
2827		40
2828		17.8333
2829		7.8
2830		8.5
2831		6.5
2832		24.75
2833		13.2
2834		41
2835		8
2836		15.1
2837		16.5714
2838		8
2839		8
2840		12.8333
2841		16.25
2842		0
2843		7
2844		15.375
2845		12.4286
2846		33
2847		42
2848		8
2849		8.8
2850		15.25
2851		0
2852		19.4
2853		13
2854		18.3333
2855		0
2856		7.5
2857		14.75
2858		23.5
2859		7
2860		15.2
2861		15.75
2862		8.6
2863		0
2864		22.6667
2865		16
2866		12
2867		24
2868		13
2869		12.7143
2870		21
2871		8
2872		11.875
2873		21.25
2874		23.5
2875		0
2876		7.66667
2877		15
2878		19
2879		0
2880		8
2881		13
2882		17.3333
2883		32
2884		14.4
2885		13
2886		32
2887		40
2888		12
2889		8
2890		40
2891		8
2892		16.5714
2893		7.33333
2894		18.6667
2895		7
2896		15.25
2897		19.6
2898		7.2
2899		33
2900		8
2901		16.5714
2902		20.5
2903		8
2904		14
2905		12.8333
2906		8
2907		8
2908		21.5
2909		7.875
2910		28
2911		8
2912		11
2913		8.25
2914		14
2915		7.5
2916		8
2917		16.6154
2918		7.33333
2919		0
2920		7.33333
2921		10.875
2922		8
2923		22
2924		30.75
2925		8
2926		7.5
2927		0
2928		19
2929		15.5
2930		19.4
2931		8
2932		7.5
2933		13
2934		23
2935		39
2936		8
2937		17.1429
2938		7.33333
2939		0
2940		13
2941		19.375
2942		7.33333
2943		0
2944		16.3333
2945		11.1667
2946		17.3333
2947		12
2948		15.75
2949		7.6
2950		23
2951		0
2952		7.5
2953		13.875
2954		39.5
2955		0
2956		7.6
2957		14.4
2958		19
2959		36
2960		7.5
2961		17
2962		8
2963		8
2964		16.6667
2965		8
2966		17.6667
2967		8
2968		15.25
2969		7.75
2970		24
2971		9
2972		12.1429
2973		21
2974		24
2975		8
2976		8
2977		20.5714
2978		7.66667
2979		0
2980		12.3333
2981		17.5
2982		0
2983		8
2984		12.1429
2985		8.6
2986		35.3333
2987		0
2988		23
2989		8.11111
2990		23
2991		0
2992		10.5714
2993		18.1667
2994		24
2995		0
2996		39
2997		8
2998		8.33333
2999		23
3000		13
3001		20.7143
3002		0
3003		8
3004		10.5
3005		33
3006		28.3333
3007		8
3008		18
3009		7.6
3010		0
3011		0
3012		12.5
3013		28.3333
3014		18
3015		0
3016		9.83333
3017		22.8333
3018		9
3019		6
3020		14.75
3021		13.3333
3022		0
3023		8
3024		17.3333
3025		8.4
3026		28.3333
3027		8
3028		14
3029		7.75
3030		16.25
3031		0
3032		13.8
3033		18.1111
3034		8
3035		0
3036		7.16667
3037		29
3038		8.5
3039		19.6667
3040		17.8333
3041		12.1667
3042		0
3043		0
3044		29
3045		7.85714
3046		15.25
3047		8
3048		12.2857
3049		24
3050		9
3051		43
3052		7.33333
3053		17
3054		18.6667
3055		9
3056		10.75
3057		20
3058		8
3059		24
3060		14
3061		10.5
3062		8
3063		43
3064		20.2
3065		8
3066		29
3067		8
3068		19.3333
3069		8.25
3070		27.5
3071		0
3072		8
3073		22
3074		8
3075		0
3076		30
3077		15.75
3078		7
3079		40
3080		17.4286
3081		14.4
3082		9
3083		0
3084		14.6
3085		18.3333
3086		19.6667
3087		7.5
3088		16.8
3089		14.5556
3090		17.6667
3091		0
3092		7
3093		23.75
3094		7.5
3095		8
3096		15.5
3097		10.9
3098		23.5
3099		0
3100		15.5
3101		8.2
3102		39.5
3103		0
3104		16.7143
3105		12.5714
3106		8.33333
3107		8
3108		14.2
3109		18.6667
3110		18
3111		23
3112		8
3113		14.2
3114		8
3115		0
3116		18.6667
3117		16.5714
3118		14.75
3119		7
3120		18.3333
3121		12.8333
3122		7.5
3123		6
3124		20.4286
3125		11.25
3126		7
3127		0
3128		16.2857
3129		11.5714
3130		18
3131		8
3132		12.4
3133		13
3134		7
3135		6
3136		16.3333
3137		20.6
3138		8
3139		7.5
3140		15.8571
3141		14.75
3142		8.2
3143		18
3144		23.5
3145		15.8571
3146		9
3147		6
3148		14
3149		8.33333
3150		24
3151		8
3152		28.25
3153		8.125
3154		6
3155		8
3156		8
3157		15.5556
3158		24
3159		0
3160		7.25
3161		17.5714
3162		8
3163		0
3164		17.5
3165		11.8571
3166		17
3167		0
3168		16.1429
3169		14.6
3170		0
3171		0
3172		16.2857
3173		15.75
3174		7.66667
3175		0
3176		8
3177		14.75
3178		34
3179		36
3180		11
3181		15.2
3182		20.5
3183		0
3184		13.2
3185		13.1667
3186		20
3187		0
3188		17.8333
3189		7.75
3190		7.66667
3191		0
3192		18
3193		12
3194		19.3333
3195		34
3196		14
3197		12.2857
3198		8
3199		22
3200		19.4
3201		13.75
3202		7.75
3203		0
3204		13.6
3205		8.33333
3206		15.5
3207		8
3208		13.4
3209		20.4
3210		17.3333
3211		7
3212		7.5
3213		14.2
3214		35
3215		9
3216		17.1429
3217		15.625
3218		8
3219		0
3220		7
3221		11
3222		25.6
3223		38
3224		12.1429
3225		8.25
3226		8
3227		0
3228		17.3333
3229		22.625
3230		8
3231		0
3232		7.6
3233		17
3234		6
3235		37
3236		20.8
3237		7.88889
3238		8
3239		0
3240		19.4
3241		7.66667
3242		39
3243		8
3244		12.1667
3245		12.7143
3246		22
3247		0
3248		8
3249		23.25
3250		12.6667
3251		0
3252		13.8333
3253		13.8
3254		0
3255		18
3256		13.2
3257		15.625
3258		8
3259		0
3260		12.8333
3261		15
3262		14.75
3263		8
3264		14.5
3265		13.8
3266		21
3267		0
3268		8
3269		12.8333
3270		8.25
3271		35
3272		16.5
3273		15.375
3274		8
3275		40
3276		23.25
3277		7.8
3278		7
3279		0
3280		20.2857
3281		7.6
3282		17.25
3283		22.5
3284		19.3333
3285		8.5
3286		7
3287		41
3288		7.625
3289		22.6667
3290		14
3291		16
3292		20
3293		17.8571
3294		8
3295		40
3296		17.8333
3297		7.66667
3298		0
3299		8
3300		26.2
3301		18.3333
3302		24
3303		8
3304		14.4
3305		13.8889
3306		40
3307		0
3308		8
3309		19.2857
3310		17.3333
3311		0
3312		11.7143
3313		13.5
3314		7.33333
3315		40
3316		15.3333
3317		7.66667
3318		17
3319		24
3320		17.1667
3321		8
3322		15.5
3323		9
3324		18.6667
3325		17.875
3326		9
3327		8
3328		8
3329		18.2727
3330		9.5
3331		9
3332		13.25
3333		8
3334		15.25
3335		40
3336		18.2857
3337		7.875
3338		7
3339		0
3340		19.5
3341		7
3342		23.25
3343		0
3344		7.66667
3345		15.4
3346		8.66667
3347		0
3348		13
3349		13.1667
3350		8
3351		25
3352		19.8571
3353		8.16667
3354		8.33333
3355		40
3356		25.5
3357		8
3358		0
3359		8
3360		7.8
3361		28
3362		8.66667
3363		21.5
3364		8.6
3365		17.875
3366		0
3367		0
3368		17
3369		7
3370		16.5
3371		0
3372		23.25
3373		8.125
3374		23
3375		0
3376		12.5
3377		11.75
3378		8
3379		0
3380		8
3381		18.8182
3382		7.66667
3383		17.5
3384		8
3385		11.8333
3386		6
3387		38
3388		20.2
3389		12.75
3390		8
3391		8.5
3392		13
3393		11.8
3394		26.4
3395		6
3396		8.5
3397		7.75
3398		16.6667
3399		0
3400		7.2
3401		21
3402		12.5
3403		6
3404		13.6
3405		7.66667
3406		0
3407		41
3408		18.25
3409		12.1667
3410		8
3411		8
3412		11.4
3413		21.5
3414		19.4
3415		0
3416		7.5
3417		12.5
3418		19
3419		0
3420		7.28571
3421		20.6
3422		7.66667
3423		0
3424		13.25
3425		11
3426		15.75
3427		7
3428		21.1667
3429		7.75
3430		0
3431		8.5
3432		15.4
3433		12.8333
3434		17.8333
3435		9
3436		7.6
3437		18.8571
3438		0
3439		8
3440		16.6667
3441		12
3442		12.75
3443		8
3444		13.4
3445		8.5
3446		19
3447		35
3448		18.4286
3449		7.83333
3450		8
3451		7
3452		12.5
3453		19
3454		9.66667
3455		7
3456		13
3457		13.5
3458		8
3459		41
3460		18.8
3461		12.7143
3462		7.66667
3463		0
3464		12
3465		7.75
3466		30
3467		0
3468		24
3469		8
3470		23.6667
3471		0
3472		13.2
3473		23.5
3474		6.75
3475		0
3476		11.3333
3477		18.3333
3478		8.5
3479		21.5
3480		20
3481		8.14286
3482		7.5
3483		0
3484		17.1667
3485		8
3486		20
3487		8
3488		8
3489		13.625
3490		19.8
3491		0
3492		7.6
3493		13.1667
3494		8
3495		8
3496		19
3497		11.5714
3498		8
3499		40
3500		7.5
3501		8
3502		14.5
3503		22.5
3504		13.8
3505		11.3333
3506		19
3507		0
3508		7.33333
3509		15.25
3510		13.4
3511		35
3512		7.8
3513		13.6667
3514		8
3515		0
3516		24
3517		18.5
3518		7.8
3519		9
3520		7.66667
3521		15.25
3522		15
3523		7
3524		7.4
3525		18.1667
3526		40
3527		0
3528		23
3529		16.4286
3530		7
3531		0
3532		12.6667
3533		13.8333
3534		0
3535		0
3536		18
3537		13.5
3538		23
3539		40
3540		8
3541		8.25
3542		38
3543		0
3544		14.5556
3545		18
3546		8.5
3547		0
3548		22
3549		20.4
3550		17.3333
3551		0
3552		7.8
3553		8
3554		16.25
3555		0
3556		28.6667
3557		18.6667
3558		0
3559		9
3560		7.33333
3561		13.2857
3562		28.3333
3563		6
3564		14.6
3565		24.25
3566		8.66667
3567		0
3568		14.5
3569		12.6667
3570		19.3333
3571		0
3572		16.7143
3573		7
3574		24.5
3575		0
3576		18.5
3577		15
3578		0
3579		0
3580		12.7143
3581		18
3582		15.5
3583		0
3584		15.1667
3585		8.33333
3586		9
3587		42
3588		14
3589		15.875
3590		16
3591		0
3592		14.75
3593		7.6
3594		40
3595		0
3596		24.75
3597		11.875
3598		8
3599		0
3600		15.75
3601		20
3602		18
3603		6
3604		13
3605		17.3333
3606		0
3607		42
3608		16.3333
3609		17.5
3610		12.5
3611		0
3612		12.8
3613		7.33333
3614		24
3615		33
3616		14.2
3617		11.1111
3618		33
3619		0
3620		8.5
3621		19
3622		24
3623		6
3624		17.3333
3625		8.16667
3626		8
3627		40
3628		20.8333
3629		13.1667
3630		8.2
3631		0
3632		7.85714
3633		25
3634		18.3333
3635		16.6667
3636		13.3333
3637		7.57143
3638		8.33333
3639		8
3640		20.6667
3641		13.3333
3642		15.75
3643		7
3644		8
3645		8
3646		23
3647		24
3648		7.42857
3649		14.4
3650		8
3651		0
3652		7.66667
3653		17.375
3654		15
3655		8.5
3656		18.3333
3657		11
3658		9
3659		0
3660		15.5714
3661		13
3662		26.6667
3663		6
3664		14.4
3665		7.85714
3666		19.5
3667		40
3668		8
3669		16.25
3670		8.4
3671		21.5
3672		7.6
3673		17.8333
3674		19
3675		8
3676		13.8
3677		16.3333
3678		8
3679		8.5
3680		14.875
3681		12.1429
3682		37
3683		7
3684		7.4
3685		7
3686		16.8333
3687		40
3688		13.6
3689		7.66667
3690		9
3691		37
3692		17
3693		13.6364
3694		24
3695		8
3696		12
3697		8
3698		17
3699		0
3700		13.1667
3701		15.5
3702		8.66667
3703		8
3704		21.75
3705		8.25
3706		18.6667
3707		23.5
3708		13.6
3709		7.8
3710		0
3711		7
3712		19.4
3713		12.4286
3714		15.25
3715		0
3716		12.6667
3717		11.25
3718		46
3719		8
3720		14
3721		20.8
3722		8.33333
3723		8.5
3724		24.75
3725		14
3726		0
3727		40
3728		17.25
3729		7.71429
3730		7.33333
3731		27.5
3732		15.5
3733		16.25
3734		29.3333
3735		6
3736		22
3737		7.8
3738		13.4
3739		8
3740		16
3741		21.2
3742		17.25
3743		9
3744		14.75
3745		12.2857
3746		20.5
3747		40
3748		25
3749		12.8333
3750		8
3751		8
3752		18.8333
3753		8.2
3754		15.75
3755		37
3756		15.25
3757		8
3758		23.5
3759		8
3760		12.1667
3761		20.8
3762		7.5
3763		9
3764		14
3765		22.5
3766		8
3767		0
3768		12.2857
3769		8
3770		17.3333
3771		25
3772		22.25
3773		8.28571
3774		40
3775		7.5
3776		16
3777		12.6667
3778		15.5
3779		0
3780		7.4
3781		13
3782		47
3783		36
3784		7.33333
3785		14.2
3786		8
3787		7
3788		12.25
3789		23.5
3790		17.3333
3791		8
3792		18.75
3793		8
3794		14.6
3795		6
3796		26
3797		23
3798		8
3799		7
3800		19
3801		14.3333
3802		8
3803		0
3804		8
3805		25.1667
3806		35
3807		8.5
3808		11.4444
3809		15.3333
3810		8
3811		0
3812		15.7143
3813		17.3333
3814		16
3815		0
3816		29.5
3817		12.8333
3818		16
3819		36
3820		14.5
3821		11.3333
3822		6
3823		36
3824		9.8
3825		26.6667
3826		15.25
3827		8
3828		14.875
3829		8.25
3830		0
3831		8.5
3832		17.8333
3833		14.2
3834		14.2
3835		9
3836		8
3837		13.8
3838		21.5
3839		7.5
3840		12
3841		11.2222
3842		7
3843		0
3844		11.5
3845		16
3846		22.5
3847		8
3848		22.75
3849		9
3850		9.66667
3851		23
3852		12
3853		12.25
3854		23.25
3855		7
3856		8
3857		7.66667
3858		20
3859		40
3860		8
3861		13.4545
3862		7.75
3863		0
3864		7.5
3865		26.2
3866		8
3867		0
3868		20.4
3869		12.1429
3870		8
3871		23.5
3872		12.25
3873		8
3874		21.2857
3875		7
3876		8
3877		8.33333
3878		19.2
3879		0
3880		15.8333
3881		14.7778
3882		7.66667
3883		8
3884		7.5
3885		14.5
3886		0
3887		6
3888		24.25
3889		13.8333
3890		8
3891		15.6667
3892		14.6
3893		7.33333
3894		24.8333
3895		0
3896		12.8333
3897		8
3898		13
3899		8
3900		16.4
3901		17.7143
3902		7.75
3903		7
3904		13.6
3905		15
3906		8
3907		19.6667
3908		24
3909		8
3910		8
3911		17
3912		24.25
3913		12.5
3914		14.2
3915		8
3916		17
3917		8
3918		23
3919		0
3920		13.6
3921		14.6667
3922		9.33333
3923		10
3924		7.5
3925		23.3333
3926		18
3927		7
3928		13.1667
3929		21
3930		11
3931		8
3932		14.6
3933		17
3934		7
3935		8
3936		15.125
3937		13
3938		23
3939		8
3940		14.6
3941		7.71429
3942		8.5
3943		37
3944		17.3333
3945		14.5
3946		24.5
3947		0
3948		12.8
3949		7.66667
3950		8
3951		39
3952		20.2857
3953		14.2
3954		7.5
3955		0
3956		15.25
3957		13.3333
3958		17.6667
3959		33
3960		13
3961		13.6667
3962		8.5
3963		0
3964		9.8
3965		23.3333
3966		14.2
3967		6
3968		7
3969		9.33333
3970		24
3971		7
3972		31.25
3973		13.3333
3974		7.33333
3975		8
3976		24
3977		15.25
3978		42
3979		8
3980		11.7778
3981		12.3333
3982		0
3983		38
3984		22.6667
3985		19.4286
3986		11
3987		0
3988		11.625
3989		13.1667
3990		23
3991		8
3992		15.5
3993		14
3994		23.5
3995		0
3996		7.8
3997		16.25
3998		24.25
3999		0
4000		14.6
4001		16
4002		0
4003		25
4004		7.6
4005		22
4006		8
4007		0
4008		19
4009		13.8571
4010		20.8
4011		0
4012		12.8333
4013		16.8
4014		12
4015		0
4016		16.75
4017		17.1429
4018		16
4019		9
4020		23.5
4021		8.16667
4022		44
4023		40
4024		13
4025		13.5
4026		17
4027		8
4028		8
4029		13.8333
4030		15.75
4031		0
4032		11.75
4033		19
4034		8
4035		8
4036		24.75
4037		21
4038		7
4039		8
4040		20.6
4041		8
4042		9
4043		40
4044		23.75
4045		13.5455
4046		12.3333
4047		0
4048		13.1667
4049		7.66667
4050		15.25
4051		22.5
4052		16.1429
4053		8.6
4054		9
4055		0
4056		15.25
4057		21.2857
4058		14
4059		8
4060		12.8333
4061		16
4062		8
4063		40
4064		14.5
4065		10.5
4066		7.4
4067		0
4068		26.3333
4069		8.2
4070		17.3333
4071		0
4072		11.4286
4073		7.6
4074		16
4075		7.5
4076		11.6
4077		19.625
4078		8
4079		9
4080		7.75
4081		19.5714
4082		7.5
4083		8
4084		13.8
4085		7.66667
4086		19.3333
4087		0
4088		14.5
4089		8.4
4090		39
4091		8
4092		19.5714
4093		8.2
4094		8
4095		13
4096		7.75
4097		19.9
4098		6.66667
4099		0
4100		8
4101		13.2
4102		8
4103		0
4104		21.4286
4105		10.5556
4106		16.5
4107		0
4108		19.8
4109		8
4110		36
4111		0
4112		10.8889
4113		19.25
4114		7.75
4115		34
4116		10.75
4117		0
4118		24.6667
4119		25
4120		16.8333
4121		7.90909
4122		9
4123		8
4124		25.3333
4125		17
4126		20.3333
4127		8
4128		8
4129		10.9
4130		8
4131		6
4132		14.25
4133		33.75
4134		7.5
4135		7
4136		17
4137		8
4138		7.5
4139		42
4140		23
4141		12
4142		15.75
4143		8
4144		8
4145		12.5714
4146		35
4147		8
4148		7
4149		17.1429
4150		17.3333
4151		0
4152		12
4153		13.8
4154		8
4155		0
4156		23.6667
4157		7.75
4158		8.33333
4159		21.5
4160		23
4161		8.2
4162		18.3333
4163		37
4164		8
4165		10.25
4166		24.5
4167		0
4168		18
4169		15.25
4170		9
4171		0
4172		17.875
4173		13.1667
4174		14
4175		0
4176		18.6667
4177		13
4178		19.75
4179		6.5
4180		8.75
4181		13.6667
4182		18
4183		6
4184		15.3333
4185		12.1667
4186		16
4187		8
4188		18.25
4189		12.7143
4190		7.5
4191		0
4192		12.3333
4193		22.75
4194		15.5
4195		9
4196		16.2857
4197		8.33333
4198		7.5
4199		24
4200		28
4201		12.125
4202		7.66667
4203		0
4204		7.85714
4205		16.8333
4206		19.3333
4207		8
4208		16
4209		12.4286
4210		8
4211		0
4212		22.6667
4213		15
4214		8
4215		0
4216		20.1429
4217		18.5
4218		8
4219		0
4220		16
4221		11.5714
4222		23
4223		6
4224		8.16667
4225		13.2
4226		23
4227		0
4228		26.75
4229		7.66667
4230		7.66667
4231		39
4232		15.4286
4233		12.5714
4234		21.5
4235		0
4236		8
4237		8
4238		22.25
4239		24
4240		8.25
4241		14.6667
4242		9.66667
4243		8
4244		7
4245		23.5
4246		25
4247		8
4248		15
4249		7.25
4250		10.5
4251		41
4252		18.4
4253		20.6667
4254		19
4255		12
4256		12
4257		11.8333
4258		9
4259		42
4260		8
4261		18.2222
4262		8
4263		0
4264		8
4265		12.5
4266		42
4267		8
4268		20
4269		7.75
4270		8.33333
4271		9
4272		12.3333
4273		21.4
4274		19.2
4275		7
4276		8
4277		13.8
4278		14.75
4279		0
4280		14.4
4281		14.1111
4282		14.5
4283		8
4284		7
4285		12.6667
4286		7.33333
4287		42
4288		17.1667
4289		12.5
4290		8
4291		22.5
4292		15.25
4293		12.6667
4294		7.5
4295		36
4296		15.25
4297		16.7143
4298		18.3333
4299		8
4300		9.28571
4301		14
4302		17.6667
4303		6
4304		30
4305		10.7
4306		8.33333
4307		0
4308		14.3333
4309		15.4286
4310		8.5
4311		39
4312		12.2
4313		13.625
4314		18.5
4315		19.3333
4316		7.5
4317		17.3333
4318		7
4319		7
4320		14.1667
4321		11.5714
4322		14.4
4323		0
4324		26.3333
4325		8.25
4326		14.2
4327		7
4328		18.6
4329		13.1667
4330		16
4331		0
4332		0
4333		17.7
4334		16
4335		8
4336		7.85714
4337		16.3333
4338		14.75
4339		6
4340		18
4341		8
4342		12.5
4343		0
4344		14.375
4345		12
4346		28.3333
4347		0
4348		8
4349		16.3333
4350		8
4351		36
4352		8.33333
4353		15.625
4354		8.33333
4355		42
4356		8
4357		7.66667
4358		36
4359		0
4360		13.125
4361		8
4362		24.25
4363		0
4364		37
4365		16.8333
4366		7.5
4367		0
4368		13.6667
4369		17.6667
4370		8
4371		18.3333
4372		8
4373		14.25
4374		8.5
4375		8
4376		16.8571
4377		14
4378		18
4379		0
4380		17.5
4381		8
4382		0
4383		0
4384		16.4286
4385		21.6
4386		16.6667
4387		0
4388		10
4389		12.1667
4390		44
4391		40
4392		17.6
4393		11.375
4394		9
4395		0
4396		22.25
4397		18.8333
4398		7.5
4399		0
4400		15
4401		13.5
4402		8.33333
4403		0
4404		14.3333
4405		12.8333
4406		28.25
4407		0
4408		8
4409		8
4410		19.6667
4411		29
4412		12
4413		20.4
4414		10
4415		0
4416		16
4417		18.4
4418		7.33333
4419		8
4420		15.4286
4421		12
4422		22.6667
4423		0
4424		18.6667
4425		8.33333
4426		12.3333
4427		9
4428		17.8
4429		15.875
4430		8
4431		0
4432		11
4433		14.6
4434		7
4435		20.3333
4436		21.5
4437		12.3
4438		0
4439		6
4440		17.3333
4441		15
4442		15.2
4443		8
4444		22.75
4445		7.83333
4446		25.3333
4447		0
4448		7
4449		14.1667
4450		18.2857
4451		0
4452		7.77778
4453		18.3333
4454		29
4455		42
4456		8.75
4457		14.125
4458		8
4459		8.33333
4460		16.8333
4461		7.8
4462		23
4463		7.5
4464		22.25
4465		11.7143
4466		8
4467		8
4468		7.66667
4469		18.625
4470		15.5714
4471		0
4472		8
4473		13.5
4474		7.8
4475		24
4476		17.3333
4477		15.5714
4478		8.5
4479		8.5
4480		11.5
4481		8
4482		19.8
4483		0
4484		20.1667
4485		7.5
4486		0
4487		8
4488		7.5
4489		17.875
4490		21
4491		0
4492		7.75
4493		8.33333
4494		8.5
4495		24
4496		16.75
4497		12.5714
4498		9
4499		8
4500		11.8
4501		7.66667
4502		24.8
4503		7.5
4504		12.1429
4505		8
4506		18.5
4507		0
4508		7
4509		18.1111
4510		13
4511		8
4512		10.2857
4513		12.6667
4514		0
4515		23.5
4516		19
4517		14.2
4518		8.25
4519		9
4520		18.4286
4521		8.16667
4522		12.3333
4523		0
4524		33.5
4525		8
4526		8
4527		7.66667
4528		7.5
4529		17
4530		16
4531		8
4532		7.25
4533		19.2
4534		8
4535		6.5
4536		15.8571
4537		15.1667
4538		17
4539		8
4540		11.3333
4541		12.4
4542		23
4543		0
4544		18.3333
4545		14.25
4546		18.5
4547		9
4548		8.2
4549		14
4550		18
4551		32.3333
4552		9.16667
4553		7.75
4554		8.5
4555		0
4556		19
4557		12.625
4558		16.6667
4559		8
4560		8
4561		24.5
4562		11.6
4563		7
4564		21
4565		15.2727
4566		8
4567		8
4568		7.25
4569		7
4570		19.6
4571		26.3333
4572		11
4573		8
4574		8.33333
4575		8
4576		16.6667
4577		14.75
4578		16.5
4579		7
4580		8.16667
4581		8
4582		8
4583		8
4584		27
4585		14.5385
4586		8
4587		8.5
4588		15.5
4589		21.75
4590		7.33333
4591		0
4592		19.4
4593		10.7
4594		14.75
4595		8
4596		11.8333
4597		8
4598		17.3333
4599		0
4600		15.2857
4601		14.4444
4602		8
4603		8.5
4604		11.3333
4605		16
4606		36
4607		21
4608		13.8333
4609		8.4
4610		0
4611		8
4612		16.75
4613		15.8571
4614		16.25
4615		0
4616		12
4617		16.1429
4618		40
4619		14
4620		12.6667
4621		16.2
4622		19
4623		0
4624		7.66667
4625		13
4626		36
4627		24
4628		16
4629		9.66667
4630		22
4631		0
4632		13.8
4633		14.75
4634		20
4635		7
4636		24.25
4637		8
4638		7.33333
4639		0
4640		17.8333
4641		11.5714
4642		14.5
4643		0
4644		8
4645		21.3333
4646		22
4647		6
4648		8
4649		8
4650		22
4651		0
4652		18.1667
4653		15.7143
4654		0
4655		0
4656		14
4657		15.75
4658		22
4659		0
4660		16.125
4661		12.8333
4662		8
4663		38
4664		22
4665		15.8
4666		8
4667		6
4668		12.1667
4669		18
4670		18.6667
4671		7
4672		23.25
4673		15.5
4674		9
4675		0
4676		13.6
4677		13.1667
4678		16.5
4679		0
4680		13.8333
4681		15.75
4682		36.5
4683		40
4684		7.25
4685		8.5
4686		16.25
4687		0
4688		15.2
4689		17.5
4690		16
4691		0
4692		20
4693		7.75
4694		8
4695		8
4696		17.2222
4697		14.2
4698		8
4699		0
4700		8.5
4701		13.1667
4702		28.4
4703		40
4704		8
4705		8
4706		9
4707		0
4708		18.6667
4709		17.5
4710		15.75
4711		0
4712		22
4713		7.83333
4714		0
4715		39
4716		15.7778
4717		24
4718		8.33333
4719		9
4720		0
4721		17.1
4722		0
4723		7
4724		13.6667
4725		18.625
4726		22
4727		8
4728		7.5
4729		8
4730		8.33333
4731		0
4732		20.4286
4733		14.8889
4734		8
4735		0
4736		14
4737		12
4738		37.5
4739		22
4740		13
4741		9.3
4742		21
4743		0
4744		8
4745		23.5
4746		23.8333
4747		6
4748		7.75
4749		7.83333
4750		8
4751		0
4752		20
4753		21.4286
4754		8.33333
4755		9
4756		13.6
4757		8.2
4758		24.5
4759		0
4760		23.75
4761		12.8333
4762		14.6
4763		8
4764		13
4765		13.1667
4766		34
4767		6
4768		13.4
4769		15
4770		8
4771		8
4772		14
4773		12.2857
4774		18
4775		0
4776		7.6
4777		14.2
4778		24.75
4779		8
4780		16
4781		13.6
4782		18
4783		0
4784		12.3333
4785		15.3333
4786		10
4787		6
4788		14.75
4789		24.5
4790		8
4791		6
4792		16
4793		12
4794		39.5
4795		6
4796		13.5
4797		8.66667
4798		15.75
4799		0
4800		17
4801		12.8333
4802		19
4803		25.5
4804		7.6
4805		14.2857
4806		0
4807		0
4808		15.5
4809		17.6667
4810		8.5
4811		23.5
4812		14
4813		14.75
4814		40
4815		0
4816		19.4
4817		8
4818		7
4819		8
4820		17.5
4821		17.8333
4822		28.6667
4823		6
4824		8
4825		17
4826		8
4827		8
4828		17.8333
4829		20.4
4830		8
4831		0
4832		7.66667
4833		8
4834		41.3333
4835		40
4836		13
4837		8
4838		8.33333
4839		0
4840		30.3333
4841		20.6
4842		18.6667
4843		7
4844		13.2
4845		19
4846		8
4847		8
4848		18.6667
4849		14.2
4850		17
4851		0
4852		20.2
4853		8.25
4854		32
4855		0
4856		22.6667
4857		7.375
4858		8
4859		0
4860		18.2
4861		19.4
4862		19
4863		6
4864		13.4
4865		16
4866		7.8
4867		0
4868		18
4869		14.875
4870		8
4871		8
4872		16
4873		8.5
4874		20
4875		7
4876		21.1667
4877		7.75
4878		8
4879		0
4880		12
4881		18.5
4882		19
4883		7
4884		8
4885		12.4
4886		7
4887		35
4888		16.25
4889		16.2857
4890		7.66667
4891		8
4892		13.25
4893		8
4894		29
4895		20
4896		18.2
4897		8.16667
4898		8.5
4899		0
4900		10.6667
4901		27.6667
4902		18.6667
4903		6
4904		13.5
4905		8
4906		8
4907		37
4908		25.6
4909		7.77778
4910		15.5
4911		6
4912		22
4913		8
4914		23
4915		8
4916		7.375
4917		31
4918		8.5
4919		7.5
4920		7.25
4921		26.8
4922		8
4923		26
4924		12
4925		9.25
4926		8
4927		39
4928		22.8333
4929		11.625
4930		9
4931		8
4932		13.2
4933		12.1429
4934		28.6667
4935		7
4936		12.75
4937		18.4
4938		8.4
4939		0
4940		13
4941		14.7778
4942		0
4943		7.5
4944		16
4945		8
4946		16
4947		17
4948		25.6
4949		8.5
4950		9
4951		9
4952		14
4953		16.75
4954		18.6667
4955		0
4956		8.42857
4957		22
4958		8.5
4959		23.5
4960		15.2857
4961		12.1
4962		8
4963		0
4964		15
4965		15.75
4966		14.3333
4967		8
4968		14.2
4969		14.2222
4970		15.25
4971		6
4972		17.4
4973		7.2
4974		15
4975		7
4976		15.1667
4977		11.7143
4978		14.6
4979		0
4980		12
4981		7.75
4982		19
4983		8.5
4984		14
4985		12
4986		16.3333
4987		6
4988		16.6667
4989		13.6667
4990		15.5
4991		22
4992		7.66667
4993		12.3333
4994		8.66667
4995		8
4996		12.5
4997		20.5714
4998		0
4999		8
5000		12.5
5001		15.25
5002		11.4
5003		8
5004		28.6667
5005		7.85714
5006		17.6667
5007		0
5008		11.4
5009		13.8
5010		26
5011		0
5012		7.66667
5013		13.5
5014		8
5015		0
5016		14
5017		17.625
5018		7
5019		8
5020		16.75
5021		18
5022		8
5023		0
5024		14.2
5025		8.2
5026		13.8
5027		38
5028		18
5029		20.3333
5030		19.5
5031		0
5032		13.3333
5033		11.375
5034		15
5035		0
5036		20.5
5037		16
5038		8
5039		7
5040		17
5041		12.4286
5042		22
5043		0
5044		20
5045		12
5046		8.5
5047		8
5048		13.1667
5049		22.4286
5050		7.75
5051		0
5052		7.5
5053		22
5054		18
5055		41
5056		31.3333
5057		11.5714
5058		0
5059		0
5060		20.4
5061		8
5062		30
5063		21
5064		7.5
5065		16.5714
5066		0
5067		0
5068		13.75
5069		16.375
5070		7
5071		0
5072		17.1111
5073		8
5074		8
5075		42
5076		23.5
5077		8
5078		15.4286
5079		6
5080		8
5081		7.75
5082		30
5083		6
5084		6.8
5085		15.375
5086		8
5087		34
5088		6.5
5089		18.5
5090		8
5091		0
5092		19.25
5093		8.14286
5094		8.5
5095		40
5096		24.4
5097		8.33333
5098		16
5099		6
5100		8.85714
5101		14.5
5102		29
5103		8
5104		7.83333
5105		18
5106		8
5107		6
5108		14.5
5109		18.5
5110		7.5
5111		9
5112		25
5113		9.28571
5114		6.66667
5115		40
5116		36.5
5117		14
5118		8.33333
5119		8
5120		7.8
5121		12.8571
5122		23.75
5123		0
5124		11.8333
5125		21.4
5126		8
5127		8
5128		19
5129		13.1667
5130		7.66667
5131		7.5
5132		16.5714
5133		15.5
5134		0
5135		8
5136		14.25
5137		13.7
5138		17
5139		0
5140		12.8
5141		17
5142		8
5143		0
5144		20.4
5145		12
5146		8
5147		0
5148		14
5149		8
5150		43
5151		36
5152		18
5153		11.4444
5154		20.5
5155		0
5156		7.66667
5157		14.8
5158		36
5159		8
5160		17.8333
5161		13.5
5162		8
5163		8
5164		26
5165		16.8571
5166		8
5167		0
5168		7.66667
5169		8.25
5170		27.6667
5171		17.6667
5172		7.5
5173		14.8
5174		25.5
5175		0
5176		7.85714
5177		22.5
5178		18.3333
5179		8
5180		19.3333
5181		18
5182		8
5183		0
5184		12.4286
5185		14.2
5186		27
5187		7
5188		16.25
5189		13.8
5190		26.6667
5191		0
5192		8
5193		11
5194		7.33333
5195		0
5196		18.5
5197		17.4286
5198		40
5199		9
5200		15.4
5201		11.8
5202		8
5203		26
5204		16
5205		14.4
5206		17
5207		7
5208		17.1429
5209		8
5210		31
5211		40
5212		8.5
5213		13.1667
5214		13.2
5215		9
5216		7.83333
5217		22.75
5218		42
5219		8
5220		24
5221		15.625
5222		7.75
5223		6
5224		12.8
5225		19.6667
5226		15.75
5227		0
5228		19.8
5229		8
5230		14
5231		42
5232		7.5
5233		15.25
5234		39
5235		9
5236		8.6
5237		18
5238		8
5239		8
5240		15.5
5241		16.4286
5242		7
5243		0
5244		14.6
5245		8.4
5246		23
5247		0
5248		17.25
5249		13.5
5250		15.5
5251		0
5252		14.75
5253		12
5254		41
5255		0
5256		12.125
5257		17.8333
5258		8
5259		0
5260		17.1429
5261		19.2
5262		8
5263		38
5264		7.8
5265		12.8571
5266		27
5267		0
5268		13
5269		12.6
5270		18.3333
5271		0
5272		15
5273		12.4286
5274		23
5275		8
5276		12.4
5277		13.5
5278		8
5279		34
5280		16.4286
5281		7.8
5282		16.6667
5283		41
5284		8
5285		8.14286
5286		30.25
5287		0
5288		8.25
5289		22.5
5290		8
5291		7
5292		23.25
5293		20
5294		8
5295		8
5296		14
5297		8.375
5298		0
5299		8
5300		13.2857
5301		14.4
5302		29
5303		7
5304		15.25
5305		10.1667
5306		0
5307		0
5308		28.75
5309		14.7778
5310		8
5311		8
5312		12.6
5313		0
5314		18.3333
5315		38
5316		14.5
5317		13
5318		18
5319		8
5320		7.5
5321		17
5322		19.6
5323		6
5324		7.66667
5325		13.3333
5326		16.3333
5327		0
5328		19
5329		16.7143
5330		7.66667
5331		8
5332		17.1667
5333		8
5334		8
5335		41
5336		17.1667
5337		14.6
5338		17.6667
5339		0
5340		14.125
5341		8
5342		18.3333
5343		8
5344		25
5345		15.2857
5346		8.66667
5347		0
5348		8
5349		23.8333
5350		8
5351		8
5352		14.7143
5353		13
5354		8
5355		40
5356		25
5357		7.71429
5358		23.5
5359		0
5360		16.8571
5361		12.6
5362		14.6
5363		8
5364		7.8
5365		18
5366		15
5367		0
5368		7.25
5369		20.6
5370		8
5371		16.5
5372		12.125
5373		14.2
5374		0
5375		31
5376		19.3333
5377		9.375
5378		18
5379		0
5380		12.8571
5381		7.6
5382		35
5383		7
5384		8
5385		14.2
5386		16
5387		0
5388		9.71429
5389		16.375
5390		8
5391		7
5392		7
5393		15.5
5394		8.33333
5395		0
5396		15.7778
5397		9.83333
5398		19.6667
5399		8
5400		21.8
5401		7.66667
5402		23.3333
5403		8
5404		7.75
5405		12.375
5406		18.6667
5407		0
5408		11.8333
5409		18.8889
5410		22.5
5411		8
5412		9.33333
5413		7.66667
5414		8
5415		0
5416		18.3333
5417		8
5418		16.4
5419		0
5420		8
5421		8.33333
5422		42
5423		0
5424		7.85714
5425		16.75
5426		7.75
5427		20
5428		39
5429		13.8
5430		7.5
5431		24.5
5432		19.8
5433		7.7
5434		21
5435		0
5436		20.2
5437		19.4
5438		7.66667
5439		8
5440		10.2
5441		11.2857
5442		19.6667
5443		7
5444		10.5
5445		16.25
5446		16.25
5447		8
5448		11.2857
5449		13.8571
5450		8
5451		0
5452		12.7143
5453		25.5
5454		16.6667
5455		0
5456		13.125
5457		7.75
5458		25
5459		0
5460		14.25
5461		9.125
5462		30
5463		8
5464		11.8333
5465		15
5466		0
5467		6
5468		7
5469		16.5
5470		18.6667
5471		0
5472		7.8
5473		13
5474		11
5475		45
5476		23.75
5477		7.75
5478		8.25
5479		0
5480		14.3333
5481		9.42857
5482		21.8
5483		8
5484		17
5485		12.8571
5486		21.5
5487		6
5488		9.25
5489		25
5490		7.75
5491		8
5492		12.5714
5493		14.25
5494		9
5495		21.3333
5496		20.2
5497		8
5498		0
5499		9
5500		12.5
5501		9.5
5502		18.3333
5503		0
5504		8
5505		14.4
5506		21.5
5507		0
5508		8.5
5509		13.5455
5510		12
5511		0
5512		15
5513		19.6
5514		8.5
5515		6
5516		17
5517		8.16667
5518		8
5519		0
5520		16.75
5521		7.4
5522		18.5
5523		40
5524		7.66667
5525		11.2
5526		39
5527		0
5528		9.5
5529		18.7778
5530		8.33333
5531		8
5532		12.6667
5533		18.6667
5534		8
5535		18
5536		20.6667
5537		9
5538		8.66667
5539		0
5540		22.75
5541		11
5542		18.3333
5543		7.5
5544		11.5
5545		8
5546		8
5547		28.5
5548		12.4
5549		14.6667
5550		0
5551		0
5552		14.5
5553		17.8333
5554		0
5555		25
5556		8.33333
5557		10.5
5558		8
5559		0
5560		15
5561		16.375
5562		29.3333
5563		7.5
5564		8.25
5565		13.6
5566		24
5567		8
5568		18
5569		13
5570		8.5
5571		8
5572		18
5573		18
5574		8
5575		8
5576		13
5577		15.75
5578		8
5579		12
5580		13.6667
5581		12.8333
5582		24.5
5583		0
5584		16.125
5585		8
5586		12.5
5587		7
5588		13.8
5589		18.1667
5590		16.25
5591		0
5592		9.75
5593		11.7143
5594		17.3333
5595		23.5
5596		8
5597		14.2857
5598		0
5599		8
5600		21.25
5601		14.1429
5602		8.25
5603		0
5604		28.3333
5605		15.125
5606		7.5
5607		7
5608		9.5
5609		12.4
5610		23.75
5611		7
5612		22
5613		11
5614		15.6667
5615		22
5616		8.16667
5617		16
5618		13.6
5619		8
5620		15.6667
5621		12.8
5622		11.25
5623		6.5
5624		13.1667
5625		20.5
5626		8
5627		0
5628		11.75
5629		16.6667
5630		16
5631		8
5632		8
5633		19.6667
5634		9
5635		0
5636		19.4
5637		12.7778
5638		8
5639		8
5640		20
5641		24
5642		21.5
5643		18.5
5644		7.6
5645		12.3333
5646		15.4
5647		0
5648		16.8
5649		8.66667
5650		19.5
5651		8
5652		21.8333
5653		8.16667
5654		25
5655		0
5656		13.8
5657		13.4
5658		21
5659		0
5660		7.71429
5661		17.3333
5662		8.5
5663		22.3333
5664		8
5665		14.3
5666		6
5667		7
5668		17
5669		12.5
5670		16.3333
5671		8
5672		27.3333
5673		7.71429
5674		15.5
5675		0
5676		16.8333
5677		12
5678		17.3333
5679		0
5680		15.1667
5681		22.5
5682		7.25
5683		35
5684		11.3333
5685		16.2857
5686		7.66667
5687		0
5688		18.3333
5689		7.8
5690		24.3333
5691		9
5692		15.1429
5693		7.875
5694		18.3333
5695		0
5696		17.5
5697		13.8
5698		13.1667
5699		0
5700		7.83333
5701		13
5702		12.25
5703		37
5704		8
5705		16
5706		15.5
5707		9
5708		16
5709		11.6667
5710		18
5711		0
5712		16.4286
5713		7.75
5714		7.5
5715		26
5716		13.5
5717		13
5718		18
5719		0
5720		7.83333
5721		15.5
5722		17
5723		39
5724		8
5725		15.625
5726		7.5
5727		9
5728		18
5729		7.5
5730		20
5731		8
5732		18.5
5733		10.875
5734		8.5
5735		0
5736		13
5737		18.8333
5738		17.6667
5739		16.5
5740		7
5741		19
5742		0
5743		8
5744		18.4
5745		13
5746		7.66667
5747		8
5748		16
5749		7.5
5750		42
5751		0
5752		12.8571
5753		9.75
5754		34
5755		8
5756		12
5757		17.5556
5758		17.3333
5759		0
5760		21
5761		18.3333
5762		7
5763		0
5764		34.6667
5765		11.2
5766		15
5767		0
5768		24.3333
5769		7.5
5770		15
5771		6
5772		13
5773		22.2
5774		8.33333
5775		0
5776		18
5777		17.3333
5778		8
5779		13.3333
5780		22
5781		15
5782		8.4
5783		0
5784		19.25
5785		8
5786		28.6667
5787		8
5788		15.8
5789		13.2
5790		12.3333
5791		0
5792		14
5793		17.5714
5794		19.6
5795		9
5796		8.66667
5797		17.6667
5798		13.5
5799		0
5800		18
5801		11.125
5802		14.25
5803		0
5804		9.66667
5805		7.66667
5806		36
5807		19.5
5808		12.8333
5809		7.71429
5810		7.6
5811		20
5812		25.3333
5813		17.6667
5814		7.5
5815		7.33333
5816		8.14286
5817		12.5
5818		8
5819		0
5820		14.6
5821		15.2857
5822		22
5823		8
5824		9.57143
5825		8
5826		23
5827		0
5828		17.5
5829		11.7778
5830		28.5
5831		12
5832		8
5833		16.25
5834		17
5835		38
5836		13.4
5837		13.2
5838		8.5
5839		35
5840		24
5841		7.8
5842		17.6667
5843		8
5844		13.7143
5845		13.8
5846		16.25
5847		7
5848		7
5849		18
5850		8
5851		16
5852		15.75
5853		14.7778
5854		6.5
5855		24
5856		11.25
5857		7.33333
5858		18.6667
5859		0
5860		22.8
5861		12
5862		7.75
5863		8
5864		17.3333
5865		18.8333
5866		19.25
5867		6.5
5868		7.83333
5869		7.5
5870		8.5
5871		14
5872		20.6
5873		13
5874		14.1667
5875		0
5876		12.6667
5877		9.83333
5878		8
5879		8
5880		17.6667
5881		14.7
5882		8
5883		8
5884		10.4
5885		12.1667
5886		18.6667
5887		17
5888		16.5
5889		9.57143
5890		0
5891		0
5892		22
5893		17.2857
5894		7.5
5895		8
5896		9.71429
5897		19
5898		21
5899		0
5900		14.2
5901		11.625
5902		14.5
5903		0
5904		8
5905		16.6667
5906		29.3333
5907		13
5908		14.8333
5909		8
5910		9
5911		0
5912		38.3333
5913		13.5
5914		7.66667
5915		0
5916		16.125
5917		16.1667
5918		8
5919		38
5920		11
5921		14.625
5922		8.5
5923		0
5924		7.5
5925		18.3333
5926		14.5
5927		8
5928		16.1429
5929		13.6
5930		8.5
5931		0
5932		16.8333
5933		13
5934		17.3333
5935		0
5936		16
5937		14.3
5938		32
5939		0
5940		7.75
5941		10
5942		8
5943		6
5944		14.375
5945		20
5946		8.5
5947		0
5948		7.5
5949		12.4
5950		20.6
5951		0
5952		14.8
5953		8
5954		19
5955		0
5956		13.5
5957		12.8333
5958		24.5
5959		0
5960		8
5961		11.4444
5962		9
5963		6
5964		14.4
5965		22.2
5966		8.5
5967		31
5968		9
5969		8
5970		24.5
5971		8
5972		18
5973		7.66667
5974		32
5975		8
5976		24.75
5977		14.2
5978		7.66667
5979		0
5980		9
5981		13.2
5982		10
5983		0
5984		16
5985		20.1429
5986		8
5987		8
5988		9.75
5989		7.6
5990		21
5991		20
5992		18
5993		7.75
5994		0
5995		0
5996		8
5997		15.4286
5998		20.5
5999		0
6000		8
6001		9.66667
6002		9
6003		31
6004		15
6005		15.1111
6006		6
6007		8.5
6008		11.2
6009		16
6010		17
6011		0
6012		17.2857
6013		7.33333
6014		16.5
6015		7
6016		24
6017		26.6667
6018		8
6019		8.5
6020		7.5
6021		17
6022		0
6023		19.5
6024		19
6025		16
6026		7
6027		17.5
6028		12.8571
6029		13.2
6030		15.75
6031		0
6032		14.4
6033		16.2
6034		16
6035		0
6036		12.1429
6037		14.4286
6038		15.3333
6039		0
6040		7.5
6041		18.8333
6042		10.375
6043		24
6044		15.5
6045		8.16667
6046		0
6047		0
6048		17.2857
6049		10.8333
6050		16.25
6051		7.5
6052		20.75
6053		9
6054		19.3333
6055		29
6056		15
6057		12.5714
6058		10.75
6059		8
6060		15.75
6061		14
6062		23.6667
6063		8
6064		14.8333
6065		11.2857
6066		7.33333
6067		0
6068		21
6069		21.5
6070		14
6071		6
6072		12.5
6073		13.4
6074		8.5
6075		14.6667
6076		14
6077		15.7143
6078		29
6079		8
6080		7.75
6081		7.33333
6082		11.6667
6083		0
6084		19.5714
6085		13
6086		8
6087		8
6088		15.3333
6089		21
6090		14.2
6091		8
6092		13
6093		8.75
6094		6
6095		19.5
6096		17.5
6097		16.625
6098		26
6099		0
6100		8
6101		8
6102		13.6667
6103		8
6104		14.75
6105		20.2
6106		8
6107		0
6108		7.5
6109		16.3333
6110		24
6111		7
6112		15.3333
6113		8
6114		8
6115		35
6116		7
6117		14.875
6118		39.5
6119		8
6120		9.2
6121		8.2
6122		21.5
6123		0
6124		20
6125		14.4
6126		13.4
6127		0
6128		14.75
6129		15.375
6130		0
6131		0
6132		14.75
6133		27
6134		8
6135		21.5
6136		15.5
6137		8
6138		21
6139		0
6140		11.5714
6141		15
6142		28
6143		8
6144		8.5
6145		12.8
6146		21
6147		7
6148		19
6149		13.9091
6150		7
6151		0
6152		21
6153		14.75
6154		21.5
6155		22.5
6156		18.6667
6157		8.71429
6158		15.25
6159		0
6160		13.8
6161		22
6162		16.25
6163		16.25
6164		6.5
6165		15.8
6166		15.75
6167		7
6168		15
6169		16.5
6170		7
6171		8
6172		32.25
6173		11.2222
6174		38
6175		0
6176		15
6177		20
6178		18.1667
6179		13.5
6180		8
6181		12.8333
6182		12.8
6183		0
6184		6.33333
6185		18.6667
6186		16.75
6187		0
6188		12.2857
6189		16
6190		8
6191		0
6192		15.25
6193		16.2857
6194		23
6195		6
6196		15.25
6197		14.3333
6198		18.4
6199		0
6200		7
6201		17.6667
6202		8
6203		7
6204		7.4
6205		15.875
6206		15.25
6207		6
6208		17.8333
6209		8.33333
6210		7.66667
6211		19.5
6212		19.4
6213		10
6214		15.75
6215		38
6216		13
6217		13.2
6218		15.6667
6219		8
6220		14.25
6221		14.8
6222		7.85714
6223		7
6224		20.75
6225		15.5
6226		7.5
6227		0
6228		15.5
6229		12
6230		12
6231		21.5
6232		14.8
6233		8.14286
6234		18.6667
6235		0
6236		18.4
6237		7.6
6238		19
6239		8
6240		15.3333
6241		15.5
6242		7.8
6243		0
6244		11.8
6245		18.5714
6246		8
6247		0
6248		22.25
6249		7.75
6250		12.6
6251		36
6252		17.6667
6253		8
6254		24
6255		6
6256		16.3333
6257		8.4
6258		13.4
6259		0
6260		15.75
6261		17.6
6262		8.75
6263		0
6264		12.4286
6265		21.1667
6266		8.25
6267		8
6268		13.7143
6269		13.4
6270		15.5
6271		38
6272		19.4
6273		12
6274		12
6275		8
6276		7.6
6277		13.2
6278		28.3333
6279		8
6280		14.1667
6281		8.83333
6282		8
6283		0
6284		17
6285		16.9
6286		33
6287		8
6288		8
6289		15.5
6290		17.75
6291		40
6292		7.33333
6293		11.8571
6294		8
6295		0
6296		12.5
6297		15
6298		18
6299		16
6300		21.5
6301		8
6302		8
6303		7.5
6304		13.4
6305		20.4
6306		30
6307		8
6308		7.66667
6309		15.25
6310		18
6311		0
6312		12.1429
6313		14.2857
6314		22
6315		12
6316		7.25
6317		13
6318		17
6319		20
6320		13.6
6321		11.5
6322		15.3333
6323		0
6324		13.6
6325		16.8571
6326		22.5
6327		9
6328		13
6329		8.5
6330		12.3333
6331		0
6332		15.6
6333		16.3
6334		9
6335		8
6336		7.66667
6337		12
6338		20.75
6339		0
6340		18.5
6341		7.66667
6342		8
6343		20
6344		19.5
6345		13.4286
6346		14.6
6347		6
6348		7.625
6349		18.5
6350		16.6667
6351		8
6352		7.33333
6353		19.125
6354		8.33333
6355		8.5
6356		14
6357		14.4286
6358		7
6359		0
6360		18.1429
6361		7.8
6362		14
6363		8
6364		8
6365		16.125
6366		20.8
6367		16
6368		8
6369		17
6370		8
6371		0
6372		15.25
6373		14.9167
6374		16.6667
6375		6
6376		13.1667
6377		12.25
6378		6.5
6379		9
6380		20
6381		8
6382		15.6
6383		16
6384		14.4
6385		14.4
6386		16.3333
6387		0
6388		10.8
6389		15.1111
6390		9
6391		8
6392		25.5
6393		12.3333
6394		14
6395		26.5
6396		12
6397		8
6398		25.6667
6399		7
6400		19
6401		8.5
6402		20.6667
6403		7
6404		10.5
6405		14.5
6406		21.5
6407		0
6408		13.3333
6409		19
6410		8
6411		0
6412		14
6413		14.8
6414		8
6415		24
6416		23
6417		10.8
6418		8
6419		0
6420		12
6421		16.75
6422		18.6667
6423		15
6424		36
6425		14.3333
6426		7.5
6427		0
6428		15.6667
6429		18.5
6430		8
6431		8
6432		16.5
6433		19.6667
6434		17
6435		0
6436		15
6437		9.83333
6438		20
6439		11.3333
6440		14.25
6441		13.5
6442		24
6443		0
6444		13.5
6445		12.2857
6446		8
6447		0
6448		16.7143
6449		21.75
6450		8.33333
6451		0
6452		15.1667
6453		11.1429
6454		14
6455		40
6456		19.6667
6457		8.2
6458		14.75
6459		0
6460		11.3333
6461		15.25
6462		13
6463		8
6464		10.8333
6465		24.8
6466		8
6467		6
6468		7.66667
6469		11.8571
6470		8.5
6471		0
6472		17.1667
6473		8.5
6474		18.6667
6475		8
6476		14.3333
6477		8.5
6478		22
6479		8
6480		7.8
6481		12.5714
6482		12.3333
6483		0
6484		7.8
6485		18.6
6486		7.5
6487		38
6488		7.75
6489		15.125
6490		8
6491		9
6492		12.5
6493		0
6494		18.3333
6495		8.5
6496		18
6497		8.57143
6498		15.25
6499		0
6500		10
6501		14.4286
6502		7.33333
6503		9
6504		7.75
6505		25
6506		8
6507		41
6508		7.5
6509		14.8889
6510		7.66667
6511		0
6512		14
6513		24
6514		7.5
6515		9
6516		17.1429
6517		12.5714
6518		23.5
6519		0
6520		14.6667
6521		9
6522		7.66667
6523		20
6524		8
6525		15.3333
6526		17.6667
6527		0
6528		7.25
6529		18.3333
6530		8
6531		8
6532		18.8333
6533		13.3333
6534		8.5
6535		8.5
6536		18.4444
6537		8
6538		6
6539		22.5
6540		12
6541		8.16667
6542		19
6543		0
6544		8
6545		16
6546		40
6547		8.33333
6548		7.33333
6549		17.4286
6550		0
6551		0
6552		40
6553		12.5714
6554		7.5
6555		6
6556		19.5
6557		8.14286
6558		19
6559		41
6560		8
6561		8
6562		17.7143
6563		7.66667
6564		7.875
6565		16.25
6566		18.3333
6567		8
6568		11.4
6569		17.2
6570		7.66667
6571		7
6572		13.5
6573		13.2
6574		6
6575		0
6576		19.4286
6577		8
6578		8.5
6579		24
6580		17
6581		8
6582		40
6583		0
6584		8
6585		13.8333
6586		17.4
6587		0
6588		7.5
6589		16.5
6590		21
6591		7
6592		12.6667
6593		21.5
6594		8
6595		0
6596		14.8333
6597		8
6598		0
6599		0
6600		15.4
6601		8
6602		24.5
6603		0
6604		7
6605		15
6606		14
6607		33
6608		7.66667
6609		15.7778
6610		8
6611		0
6612		18.75
6613		14
6614		17.6667
6615		7
6616		12.7778
6617		8
6618		15.6
6619		7
6620		19.2
6621		9.5
6622		9
6623		7.5
6624		10.6667
6625		17.75
6626		7.66667
6627		40
6628		7.66667
6629		13.2
6630		7
6631		27.5
6632		27
6633		8
6634		8.2
6635		8
6636		38
6637		7.6
6638		22.6667
6639		0
6640		8.75
6641		19.8333
6642		8
6643		8
6644		8
6645		31.3333
6646		8.5
6647		13.5
6648		17.7143
6649		8
6650		8
6651		42
6652		24.5
6653		9.8
6654		21
6655		6
6656		8.25
6657		8
6658		24.5
6659		6
6660		10.25
6661		17.7143
6662		8
6663		9
6664		7.5
6665		13.6
6666		8
6667		0
6668		26.3333
6669		10.3333
6670		7.5
6671		40
6672		33
6673		8
6674		9.33333
6675		7
6676		10.3333
6677		17.8333
6678		7.5
6679		0
6680		7.33333
6681		21.5714
6682		13.3333
6683		8
6684		12.5
6685		9.25
6686		8
6687		0
6688		20.8
6689		9.875
6690		22.25
6691		8
6692		18
6693		9.16667
6694		27.5
6695		0
6696		9.66667
6697		16.1429
6698		7
6699		8
6700		8
6701		22
6702		8.33333
6703		38
6704		11.625
6705		10.125
6706		8
6707		0
6708		30.6667
6709		10.6667
6710		28.6667
6711		8
6712		7.85714
6713		8
6714		25.5
6715		6
6716		12.4
6717		24.6667
6718		8
6719		0
6720		8
6721		14.8
6722		12
6723		41
6724		19
6725		7.75
6726		0
6727		0
6728		18.6667
6729		7.71429
6730		27.2
6731		19
6732		12.2857
6733		8
6734		9
6735		6
6736		7.75
6737		20.3
6738		18.5
6739		9
6740		8
6741		13
6742		8
6743		0
6744		20.125
6745		10.75
6746		15.25
6747		0
6748		7.33333
6749		8
6750		29.75
6751		0
6752		11.8333
6753		12.1111
6754		8.33333
6755		0
6756		7
6757		29.25
6758		33
6759		8
6760		14.6
6761		12.1429
6762		7.66667
6763		0
6764		23
6765		14.2222
6766		22
6767		0
6768		8
6769		15.8333
6770		23.5
6771		0
6772		18.2
6773		12.2857
6774		8.66667
6775		0
6776		15.4
6777		18.3333
6778		16.3333
6779		23
6780		13.6667
6781		12.8333
6782		8.5
6783		0
6784		14
6785		18.875
6786		0
6787		0
6788		13.8
6789		14.875
6790		23.25
6791		6
6792		7.4
6793		14
6794		20.5
6795		0
6796		15
6797		12
6798		18
6799		0
6800		8
6801		14.75
6802		8
6803		6
6804		16.7143
6805		14.7778
6806		8
6807		0
6808		16.3333
6809		8.25
6810		24.5
6811		17.3333
6812		13
6813		19.3333
6814		8
6815		0
6816		7
6817		14
6818		20.2
6819		0
6820		19.6
6821		7.85714
6822		0
6823		8
6824		17.6667
6825		15.625
6826		37.5
6827		0
6828		12.6667
6829		8.33333
6830		20
6831		24
6832		18.1667
6833		11.25
6834		9
6835		32
6836		8
6837		16
6838		20.6
6839		8
6840		11.375
6841		8
6842		0
6843		0
6844		19.8
6845		15.75
6846		18
6847		9
6848		14
6849		8.42857
6850		7
6851		0
6852		26.3333
6853		17.4
6854		7.66667
6855		8
6856		7.85714
6857		13.5
6858		8
6859		0
6860		18
6861		14.6
6862		20
6863		30
6864		14.2
6865		9.66667
6866		38
6867		6
6868		15
6869		16.7
6870		7.66667
6871		0
6872		8
6873		22.8333
6874		0
6875		45
6876		7.57143
6877		8.33333
6878		17
6879		19.6667
6880		38
6881		14.5
6882		8
6883		0
6884		19.6
6885		13
6886		22.25
6887		7.33333
6888		8.5
6889		8
6890		13.4
6891		0
6892		9
6893		16.3636
6894		16.25
6895		7.66667
6896		8
6897		12
6898		15.75
6899		0
6900		20.4
6901		12.8333
6902		8.5
6903		20.5
6904		18.3333
6905		13.4
6906		40
6907		9
6908		12.6
6909		8.16667
6910		10
6911		8
6912		33.5
6913		16.8571
6914		18.3333
6915		8
6916		12.1667
6917		14.2
6918		0
6919		8
6920		25.8
6921		14.5
6922		8
6923		0
6924		7.85714
6925		26
6926		41
6927		8
6928		12.2
6929		8
6930		23
6931		0
6932		17
6933		15.8
6934		23.6667
6935		0
6936		17.3333
6937		11.6667
6938		0
6939		0
6940		16
6941		14.9
6942		0
6943		0
6944		8.6
6945		15.75
6946		15.75
6947		15.6667
6948		13.25
6949		8
6950		21
6951		0
6952		22.8
6953		7.5
6954		20.25
6955		8
6956		16.8333
6957		7.5
6958		7
6959		0
6960		8.5
6961		20.1111
6962		0
6963		12
6964		8
6965		15.75
6966		8
6967		21.5
6968		22.75
6969		8
6970		15.25
6971		8
6972		21
6973		8
6974		23
6975		8
6976		13
6977		12.625
6978		23
6979		8
6980		8
6981		21.5
6982		7.5
6983		0
6984		15.8
6985		16.7143
6986		8
6987		8
6988		13
6989		7.83333
6990		40
6991		6
6992		13.3333
6993		7.8
6994		14.5
6995		0
6996		13.2
6997		15.75
6998		8
6999		0
7000		7.66667
7001		20.4
7002		6
7003		36
7004		13.5714
7005		13.3333
7006		8
7007		0
7008		20.6
7009		14.75
7010		16.25
7011		7
7012		14.4
7013		11.5714
7014		22
7015		0
7016		7.66667
7017		19
7018		16.25
7019		7.5
7020		7.5
7021		15.5
7022		23
7023		0
7024		21.6
7025		8.25
7026		7.33333
7027		40.5
7028		8.5
7029		17.5714
7030		18
7031		0
7032		7.6
7033		18.6667
7034		17
7035		38
7036		9.6
7037		19
7038		8.25
7039		8
7040		13
7041		26.5
7042		18.6667
7043		16.25
7044		18
7045		7.57143
7046		23
7047		0
7048		14.6
7049		7.85714
7050		0
7051		8
7052		7.5
7053		8
7054		8
7055		0
7056		7.75
7057		8
7058		8
7059		0
7060		8
7061		8.5
7062		8
7063		0
7064		8
7065		8
7066		8
7067		0
7068		8
7069		8
7070		0
7071		0
7072		8
7073		8
7074		0
7075		0
7076		7.5
7077		8
7078		0
7079		0
7080		8
7081		0
7082		0
7083		0
7084		8
7085		8
7086		0
7087		0
7088		8
7089		0
7090		0
7091		0
7092		0
7093		0
7094		0
7095		0
7096		0
7097		0
7098		0
7099		0
7100		0
7101		0
7102		0
7103		0
7104		0
7105		0
7106		0
7107		0
7108		0
7109		0
7110		0
7111		0
7112		0
7113		0
7114		0
7115		0
7116		0
7117		0
7118		0
7119		0
7120		0
7121		0
7122		0
7123		0
7124		0
7125		0
7126		0
7127		0
7128		0
7129		0
7130		0
7131		0
7132		0
7133		0
7134		0
7135		0
7136		0
7137		0
7138		0
7139		0
7140		0
7141		0
7142		0
7143		0
7144		0
7145		0
7146		0
7147		0
7148		0
7149		0
7150		0
7151		0
7152		0
7153		0
7154		0
7155		0
7156		0
7157		0
7158		0
7159		0
7160		0
7161		0
7162		0
7163		0
7164		0
7165		0
7166		0
7167		0
7168		0
7169		0
7170		0
7171		0
7172		0
7173		0
7174		0
7175		0
7176		0
7177		0
7178		0
7179		0
7180		0
7181		0
7182		0
7183		0
7184		0
7185		0
7186		0
7187		0
7188		0
7189		0
7190		0
7191		0
7192		0
7193		0
7194		0
7195		0
7196		0
7197		0
7198		0
7199		0
7200		0
7201		0
7202		0
7203		0
7204		0
7205		0
7206		0
7207		0
7208		0
7209		0
7210		0
7211		0
7212		0
7213		0
7214		0
7215		0
7216		0
7217		0
7218		0
7219		0
7220		0
7221		0
7222		0
7223		0
7224		0
7225		0
7226		0
7227		0
7228		0
7229		0
7230		0
7231		0
7232		0
7233		0
7234		0
7235		0
7236		0
7237		0
7238		0
7239		0
7240		0
7241		0
7242		0
7243		0
7244		0
7245		0
7246		0
7247		0
7248		0
7249		0
7250		0
7251		0
7252		0
7253		0
7254		0
7255		0
7256		0
7257		0
7258		0
7259		0
7260		0
7261		0
7262		0
7263		0
7264		0
7265		0
7266		0
7267		0
7268		0
7269		0
7270		0
7271		0
7272		0
7273		0
7274		0
7275		0
7276		0
7277		0
7278		0
7279		0
7280		0
7281		0
7282		0
7283		0
7284		0
7285		0
7286		0
7287		0
7288		0
7289		0
7290		0
7291		0
7292		0
7293		0
7294		0
7295		0
7296		0
7297		0
7298		0
7299		0
7300		0
7301		0
7302		0
7303		0
7304		0
7305		0
7306		0
7307		0
7308		0
7309		0
7310		0
7311		0
7312		0
7313		0
7314		0
7315		0
7316		0
7317		0
7318		0
7319		0
7320		0
7321		0
7322		0
7323		0
7324		0
7325		0
7326		0
7327		0
7328		0
7329		0
7330		0
7331		0
7332		0
7333		0
7334		0
7335		0
7336		0
7337		0
7338		0
7339		0
7340		0
7341		0
7342		0
7343		0
7344		0
7345		0
7346		0
7347		0
7348		0
7349		0
7350		0
7351		0
7352		0
7353		0
7354		0
7355		0
7356		0
7357		0
7358		0
7359		0
7360		0
7361		0
7362		0
7363		0
7364		0
7365		0
7366		0
7367		0
7368		0
7369		0
7370		0
7371		0
7372		0
7373		0
7374		0
7375		0
7376		0
7377		0
7378		0
7379		0
7380		0
7381		0
7382		0
7383		0
7384		0
7385		0
7386		0
7387		0
7388		0
7389		0
7390		0
7391		0
7392		0
7393		0
7394		0
7395		0
7396		0
7397		0
7398		0
7399		0
7400		0
7401		0
7402		0
7403		0
7404		0
7405		0
7406		0
7407		0
7408		0
7409		0
7410		0
7411		0
7412		0
7413		0
7414		0
7415		0
7416		0
7417		0
7418		0
7419		0
7420		0
7421		0
7422		0
7423		0
7424		0
7425		0
7426		0
7427		0
7428		0
7429		0
7430		0
7431		0
7432		0
7433		0
7434		0
7435		0
7436		0
7437		0
7438		0
7439		0
7440		0
7441		0
7442		0
7443		0
7444		0
7445		0
7446		0
7447		0
7448		0
7449		0
7450		0
7451		0
7452		0
7453		0
7454		0
7455		0
7456		0
7457		0
7458		0
7459		0
7460		0
7461		0
7462		0
7463		0
7464		0
7465		0
7466		0
7467		0
7468		0
7469		0
7470		0
7471		0
7472		0
7473		0
7474		0
7475		0
7476		0
7477		0
7478		0
7479		0
7480		0
7481		0
7482		0
7483		0
7484		0
7485		0
7486		0
7487		0
7488		0
7489		0
7490		0
7491		0
7492		0
7493		0
7494		0
7495		0
7496		0
7497		0
7498		0
7499		0
7500		0
7501		0
7502		0
7503		0
7504		0
7505		0
7506		0
7507		0
7508		0
7509		0
7510		0
7511		0
7512		0
7513		0
7514		0
7515		0
7516		0
7517		0
7518		0
7519		0
7520		0
7521		0
7522		0
7523		0
7524		0
7525		0
7526		0
7527		0
7528		0
7529		0
7530		0
7531		0
7532		0
7533		0
7534		0
7535		0
7536		0
7537		0
7538		0
7539		0
7540		0
7541		0
7542		0
7543		0
7544		0
7545		0
7546		0
7547		0
7548		0
7549		0
7550		0
7551		0
7552		0
7553		0
7554		0
7555		0
7556		0
7557		0
7558		0
7559		0
7560		0
7561		0
7562		0
7563		0
7564		0
7565		0
7566		0
7567		0
7568		0
7569		0
7570		0
7571		0
7572		0
7573		0
7574		0
7575		0
7576		0
7577		0
7578		0
7579		0
7580		0
7581		0
7582		0
7583		0
7584		0
7585		0
7586		0
7587		0
7588		0
7589		0
7590		0
7591		0
7592		0
7593		0
7594		0
7595		0
7596		0
7597		0
7598		0
7599		0
7600		0
7601		0
7602		0
7603		0
7604		0
7605		0
7606		0
7607		0
7608		0
7609		0
7610		0
7611		0
7612		0
7613		0
7614		0
7615		0
7616		0
7617		0
7618		0
7619		0
7620		0
7621		0
7622		0
7623		0
7624		0
7625		0
7626		0
7627		0
7628		0
7629		0
7630		0
7631		0
7632		0
7633		0
7634		0
7635		0
7636		0
7637		0
7638		0
7639		0
7640		0
7641		0
7642		0
7643		0
7644		0
7645		0
7646		0
7647		0
7648		0
7649		0
7650		0
7651		0
7652		0
7653		0
7654		0
7655		0
7656		0
7657		0
7658		0
7659		0
7660		0
7661		0
7662		0
7663		0
7664		0
7665		0
7666		0
7667		0
7668		0
7669		0
7670		0
7671		0
7672		0
7673		0
7674		0
7675		0
7676		0
7677		0
7678		0
7679		0
7680		0
7681		0
7682		0
7683		0
7684		0
7685		0
7686		0
7687		0
7688		0
7689		0
7690		0
7691		0
7692		0
7693		0
7694		0
7695		0
7696		0
7697		0
7698		0
7699		0
7700		0
7701		0
7702		0
7703		0
7704		0
7705		0
7706		0
7707		0
7708		0
7709		0
7710		0
7711		0
7712		0
7713		0
7714		0
7715		0
7716		0
7717		0
7718		0
7719		0
7720		0
7721		0
7722		0
7723		0
7724		0
7725		0
7726		0
7727		0
7728		0
7729		0
7730		0
7731		0
7732		0
7733		0
7734		0
7735		0
7736		0
7737		0
7738		0
7739		0
7740		0
7741		0
7742		0
7743		0
7744		0
7745		0
7746		0
7747		0
7748		0
7749		0
7750		0
7751		0
7752		0
7753		0
7754		0
7755		0
7756		0
7757		0
7758		0
7759		0
7760		0
7761		0
7762		0
7763		0
7764		0
7765		0
7766		0
7767		0
7768		0
7769		0
7770		0
7771		0
7772		0
7773		0
7774		0
7775		0
7776		0
7777		0
7778		0
7779		0
7780		0
7781		0
7782		0
7783		0
7784		0
7785		0
7786		0
7787		0
7788		0
7789		0
7790		0
7791		0
7792		0
7793		0
7794		0
7795		0
7796		0
7797		0
7798		0
7799		0
7800		0
7801		0
7802		0
7803		0
7804		0
7805		0
7806		0
7807		0
7808		0
7809		0
7810		0
7811		0
7812		0
7813		0
7814		0
7815		0
7816		0
7817		0
7818		0
7819		0
7820		0
7821		0
7822		0
7823		0
7824		0
7825		0
7826		0
7827		0
7828		0
7829		0
7830		0
7831		0
7832		0
7833		0
7834		0
7835		0
7836		0
7837		0
7838		0
7839		0
7840		0
7841		0
7842		0
7843		0
7844		0
7845		0
7846		0
7847		0
7848		0
7849		0
7850		0
7851		0
7852		0
7853		0
7854		0
7855		0
7856		0
7857		0
7858		0
7859		0
7860		0
7861		0
7862		0
7863		0
7864		0
7865		0
7866		0
7867		0
7868		0
7869		0
7870		0
7871		0
7872		0
7873		0
7874		0
7875		0
7876		0
7877		0
7878		0
7879		0
7880		0
7881		0
7882		0
7883		0
7884		0
7885		0
7886		0
7887		0
7888		0
7889		0
7890		0
7891		0
7892		0
7893		0
7894		0
7895		0
7896		0
7897		0
7898		0
7899		0
7900		0
7901		0
7902		0
7903		0
7904		0
7905		0
7906		0
7907		0
7908		0
7909		0
7910		0
7911		0
7912		0
7913		0
7914		0
7915		0
7916		0
7917		0
7918		0
7919		0
7920		0
7921		0
7922		0
7923		0
7924		0
7925		0
7926		0
7927		0
7928		0
7929		0
7930		0
7931		0
7932		0
7933		0
7934		0
7935		0
7936		0
7937		0
7938		0
7939		0
7940		0
7941		0
7942		0
7943		0
7944		0
7945		0
7946		0
7947		0
7948		0
7949		0
7950		0
7951		0
7952		0
7953		0
7954		0
7955		0
7956		0
7957		0
7958		0
7959		0
7960		0
7961		0
7962		0
7963		0
7964		0
7965		0
7966		0
7967		0
7968		0
7969		0
7970		0
7971		0
7972		0
7973		0
7974		0
7975		0
7976		0
7977		0
7978		0
7979		0
7980		0
7981		0
7982		0
7983		0
7984		0
7985		0
7986		0
7987		0
7988		0
7989		0
7990		0
7991		0
7992		0
7993		0
7994		0
7995		0
7996		0
7997		0
7998		0
7999		0
8000		0
8001		0
8002		0
8003		0
8004		0
8005		0
8006		0
8007		0
8008		0
8009		0
8010		0
8011		0
8012		0
8013		0
8014		0
8015		0
8016		0
8017		0
8018		0
8019		0
8020		0
8021		0
8022		0
8023		0
8024		0
8025		0
8026		0
8027		0
8028		0
8029		0
8030		0
8031		0
8032		0
8033		0
8034		0
8035		0
8036		0
8037		0
8038		0
8039		0
8040		0
8041		0
8042		0
8043		0
8044		0
8045		0
8046		0
8047		0
8048		0
8049		0
8050		0
8051		0
8052		0
8053		0
8054		0
8055		0
8056		0
8057		0
8058		0
8059		0
8060		0
8061		0
8062		0
8063		0
8064		0
8065		0
8066		0
8067		0
8068		0
8069		0
8070		0
8071		0
8072		0
8073		0
8074		0
8075		0
8076		0
8077		0
8078		0
8079		0
8080		0
8081		0
8082		0
8083		0
8084		0
8085		0
8086		0
8087		0
8088		0
8089		0
8090		0
8091		0
8092		0
8093		0
8094		0
8095		0
8096		0
8097		0
8098		0
8099		0
8100		0
8101		0
8102		0
8103		0
8104		0
8105		0
8106		0
8107		0
8108		0
8109		0
8110		0
8111		0
8112		0
8113		0
8114		0
8115		0
8116		0
8117		0
8118		0
8119		0
8120		0
8121		0
8122		0
8123		0
8124		0
8125		0
8126		0
8127		0
8128		0
8129		0
8130		0
8131		0
8132		0
8133		0
8134		0
8135		0
8136		0
8137		0
8138		0
8139		0
8140		0
8141		0
8142		0
8143		0
8144		0
8145		0
8146		0
8147		0
8148		0
8149		0
8150		0
8151		0
8152		0
8153		0
8154		0
8155		0
8156		0
8157		0
8158		0
8159		0
8160		0
8161		0
8162		0
8163		0
8164		0
8165		0
8166		0
8167		0
8168		0
8169		0
8170		0
8171		0
8172		0
8173		0
8174		0
8175		0
8176		0
8177		0
8178		0
8179		0
8180		0
8181		0
8182		0
8183		0
8184		0
8185		0
8186		0
8187		0
8188		0
8189		0
8190		0
8191		0
8192		0
8193		0
8194		0
8195		0
8196		0
8197		0
8198		0
8199		0
8200		0
8201		0
8202		0
8203		0
8204		0
8205		0
8206		0
8207		0
8208		0
8209		0
8210		0
8211		0
8212		0
8213		0
8214		0
8215		0
8216		0
8217		0
8218		0
8219		0
8220		0
8221		0
8222		0
8223		0
8224		0
8225		0
8226		0
8227		0
8228		0
8229		0
8230		0
8231		0
8232		0
8233		0
8234		0
8235		0
8236		0
8237		0
8238		0
8239		0
8240		0
8241		0
8242		0
8243		0
8244		0
8245		0
8246		0
8247		0
8248		0
8249		0
8250		0
8251		0
8252		0
8253		0
8254		0
8255		0
8256		0
8257		0
8258		0
8259		0
8260		0
8261		0
8262		0
8263		0
8264		0
8265		0
8266		0
8267		0
8268		0
8269		0
8270		0
8271		0
8272		0
8273		0
8274		0
8275		0
8276		0
8277		0
8278		0
8279		0
8280		0
8281		0
8282		0
8283		0
8284		0
8285		0
8286		0
8287		0
8288		0
8289		0
8290		0
8291		0
8292		0
8293		0
8294		0
8295		0
8296		0
8297		0
8298		0
8299		0
8300		0
8301		0
8302		0
8303		0
8304		0
8305		0
8306		0
8307		0
8308		0
8309		0
8310		0
8311		0
8312		0
8313		0
8314		0
8315		0
8316		0
8317		0
8318		0
8319		0
8320		0
8321		0
8322		0
8323		0
8324		0
8325		0
8326		0
8327		0
8328		0
8329		0
8330		0
8331		0
8332		0
8333		0
8334		0
8335		0
8336		0
8337		0
8338		0
8339		0
8340		0
8341		0
8342		0
8343		0
8344		0
8345		0
8346		0
8347		0
8348		0
8349		0
8350		0
8351		0
8352		0
8353		0
8354		0
8355		0
8356		0
8357		0
8358		0
8359		0
8360		0
8361		0
8362		0
8363		0
8364		0
8365		0
8366		0
8367		0
8368		0
8369		0
8370		0
8371		0
8372		0
8373		0
8374		0
8375		0
8376		0
8377		0
8378		0
8379		0
8380		0
8381		0
8382		0
8383		0
8384		0
8385		0
8386		0
8387		0
8388		0
8389		0
8390		0
8391		0
8392		0
8393		0
8394		0
8395		0
8396		0
8397		0
8398		0
8399		0
8400		0
8401		0
8402		0
8403		0
8404		0
8405		0
8406		0
8407		0
8408		0
8409		0
8410		0
8411		0
8412		0
8413		0
8414		0
8415		0
8416		0
8417		0
8418		0
8419		0
8420		0
8421		0
8422		0
8423		0
8424		0
8425		0
8426		0
8427		0
8428		0
8429		0
8430		0
8431		0
8432		0
8433		0
8434		0
8435		0
8436		0
8437		0
8438		0
8439		0
8440		0
8441		0
8442		0
8443		0
8444		0
8445		0
8446		0
8447		0
8448		0
8449		0
8450		0
8451		0
8452		0
8453		0
8454		0
8455		0
8456		0
8457		0
8458		0
8459		0
8460		0
8461		0
8462		0
8463		0
8464		0
8465		0
8466		0
8467		0
8468		0
8469		0
8470		0
8471		0
8472		0
8473		0
8474		0
8475		0
8476		0
8477		0
8478		0
8479		0
8480		0
8481		0
8482		0
8483		0
8484		0
8485		0
8486		0
8487		0
8488		0
8489		0
8490		0
8491		0
8492		0
8493		0
8494		0
8495		0
8496		0
8497		0
8498		0
8499		0
8500		0
8501		0
8502		0
8503		0
8504		0
8505		0
8506		0
8507		0
8508		0
8509		0
8510		0
8511		0
8512		0
8513		0
8514		0
8515		0
8516		0
8517		0
8518		0
8519		0
8520		0
8521		0
8522		0
8523		0
8524		0
8525		0
8526		0
8527		0
8528		0
8529		0
8530		0
8531		0
8532		0
8533		0
8534		0
8535		0
8536		0
8537		0
8538		0
8539		0
8540		0
8541		0
8542		0
8543		0
8544		0
8545		0
8546		0
8547		0
8548		0
8549		0
8550		0
8551		0
8552		0
8553		0
8554		0
8555		0
8556		0
8557		0
8558		0
8559		0
8560		0
8561		0
8562		0
8563		0
8564		0
8565		0
8566		0
8567		0
8568		0
8569		0
8570		0
8571		0
8572		0
8573		0
8574		0
8575		0
8576		0
8577		0
8578		0
8579		0
8580		0
8581		0
8582		0
8583		0
8584		0
8585		0
8586		0
8587		0
8588		0
8589		0
8590		0
8591		0
8592		0
8593		0
8594		0
8595		0
8596		0
8597		0
8598		0
8599		0
8600		0
8601		0
8602		0
8603		0
8604		0
8605		0
8606		0
8607		0
8608		0
8609		0
8610		0
8611		0
8612		0
8613		0
8614		0
8615		0
8616		0
8617		0
8618		0
8619		0
8620		0
8621		0
8622		0
8623		0
8624		0
8625		0
8626		0
8627		0
8628		0
8629		0
8630		0
8631		0
8632		0
8633		0
8634		0
8635		0
8636		0
8637		0
8638		0
8639		0
8640		0
8641		0
8642		0
8643		0
8644		0
8645		0
8646		0
8647		0
8648		0
8649		0
8650		0
8651		0
8652		0
8653		0
8654		0
8655		0
8656		0
8657		0
8658		0
8659		0
8660		0
8661		0
8662		0
8663		0
8664		0
8665		0
8666		0
8667		0
8668		0
8669		0
8670		0
8671		0
8672		0
8673		0
8674		0
8675		0
8676		0
8677		0
8678		0
8679		0
8680		0
8681		0
8682		0
8683		0
8684		0
8685		0
8686		0
8687		0
8688		0
8689		0
8690		0
8691		0
8692		0
8693		0
8694		0
8695		0
8696		0
8697		0
8698		0
8699		0
8700		0
8701		0
8702		0
8703		0
8704		0
8705		0
8706		0
8707		0
8708		0
8709		0
8710		0
8711		0
8712		0
8713		0
8714		0
8715		0
8716		0
8717		0
8718		0
8719		0
8720		0
8721		0
8722		0
8723		0
8724		0
8725		0
8726		0
8727		0
8728		0
8729		0
8730		0
8731		0
8732		0
8733		0
8734		0
8735		0
8736		0
8737		0
8738		0
8739		0
8740		0
8741		0
8742		0
8743		0
8744		0
8745		0
8746		0
8747		0
8748		0
8749		0
8750		0
8751		0
8752		0
8753		0
8754		0
8755		0
8756		0
8757		0
8758		0
8759		0
8760		0
8761		0
8762		0
8763		0
8764		0
8765		0
8766		0
8767		0
8768		0
8769		0
8770		0
8771		0
8772		0
8773		0
8774		0
8775		0
8776		0
8777		0
8778		0
8779		0
8780		0
8781		0
8782		0
8783		0
8784		0
8785		0
8786		0
8787		0
8788		0
8789		0
8790		0
8791		0
8792		0
8793		0
8794		0
8795		0
8796		0
8797		0
8798		0
8799		0
8800		0
8801		0
8802		0
8803		0
8804		0
8805		0
8806		0
8807		0
8808		0
8809		0
8810		0
8811		0
8812		0
8813		0
8814		0
8815		0
8816		0
8817		0
8818		0
8819		0
8820		0
8821		0
8822		0
8823		0
8824		0
8825		0
8826		0
8827		0
8828		0
8829		0
8830		0
8831		0
8832		0
8833		0
8834		0
8835		0
8836		0
8837		0
8838		0
8839		0
8840		0
8841		0
8842		0
8843		0
8844		0
8845		0
8846		0
8847		0
8848		0
8849		0
8850		0
8851		0
8852		0
8853		0
8854		0
8855		0
8856		0
8857		0
8858		0
8859		0
8860		0
8861		0
8862		0
8863		0
8864		0
8865		0
8866		0
8867		0
8868		0
8869		0
8870		0
8871		0
8872		0
8873		0
8874		0
8875		0
8876		0
8877		0
8878		0
8879		0
8880		0
8881		0
8882		0
8883		0
8884		0
8885		0
8886		0
8887		0
8888		0
8889		0
8890		0
8891		0
8892		0
8893		0
8894		0
8895		0
8896		0
8897		0
8898		0
8899		0
8900		0
8901		0
8902		0
8903		0
8904		0
8905		0
8906		0
8907		0
8908		0
8909		0
8910		0
8911		0
8912		0
8913		0
8914		0
8915		0
8916		0
8917		0
8918		0
8919		0
8920		0
8921		0
8922		0
8923		0
8924		0
8925		0
8926		0
8927		0
8928		0
8929		0
8930		0
8931		0
8932		0
8933		0
8934		0
8935		0
8936		0
8937		0
8938		0
8939		0
8940		0
8941		0
8942		0
8943		0
8944		0
8945		0
8946		0
8947		0
8948		0
8949		0
8950		0
8951		0
8952		0
8953		0
8954		0
8955		0
8956		0
8957		0
8958		0
8959		0
8960		0
8961		0
8962		0
8963		0
8964		0
8965		0
8966		0
8967		0
8968		0
8969		0
8970		0
8971		0
8972		0
8973		0
8974		0
8975		0
8976		0
8977		0
8978		0
8979		0
8980		0
8981		0
8982		0
8983		0
8984		0
8985		0
8986		0
8987		0
8988		0
8989		0
8990		0
8991		0
8992		0
8993		0
8994		0
8995		0
8996		0
8997		0
8998		0
8999		0
9000		0
9001		0
9002		0
9003		0
9004		0
9005		0
9006		0
9007		0
9008		0
9009		0
9010		0
9011		0
9012		0
9013		0
9014		0
9015		0
9016		0
9017		0
9018		0
9019		0
9020		0
9021		0
9022		0
9023		0
9024		0
9025		0
9026		0
9027		0
9028		0
9029		0
9030		0
9031		0
9032		0
9033		0
9034		0
9035		0
9036		0
9037		0
9038		0
9039		0
9040		0
9041		0
9042		0
9043		0
9044		0
9045		0
9046		0
9047		0
9048		0
9049		0
9050		0
9051		0
9052		0
9053		0
9054		0
9055		0
9056		0
9057		0
9058		0
9059		0
9060		0
9061		0
9062		0
9063		0
9064		0
9065		0
9066		0
9067		0
9068		0
9069		0
9070		0
9071		0
9072		0
9073		0
9074		0
9075		0
9076		0
9077		0
9078		0
9079		0
9080		0
9081		0
9082		0
9083		0
9084		0
9085		0
9086		0
9087		0
9088		0
9089		0
9090		0
9091		0
9092		0
9093		0
9094		0
9095		0
9096		0
9097		0
9098		0
9099		0
9100		0
9101		0
9102		0
9103		0
9104		0
9105		0
9106		0
9107		0
9108		0
9109		0
9110		0
9111		0
9112		0
9113		0
9114		0
9115		0
9116		0
9117		0
9118		0
9119		0
9120		0
9121		0
9122		0
9123		0
9124		0
9125		0
9126		0
9127		0
9128		0
9129		0
9130		0
9131		0
9132		0
9133		0
9134		0
9135		0
9136		0
9137		0
9138		0
9139		0
9140		0
9141		0
9142		0
9143		0
9144		0
9145		0
9146		0
9147		0
9148		0
9149		0
9150		0
9151		0
9152		0
9153		0
9154		0
9155		0
9156		0
9157		0
9158		0
9159		0
9160		0
9161		0
9162		0
9163		0
9164		0
9165		0
9166		0
9167		0
9168		0
9169		0
9170		0
9171		0
9172		0
9173		0
9174		0
9175		0
9176		0
9177		0
9178		0
9179		0
9180		0
9181		0
9182		0
9183		0
9184		0
9185		0
9186		0
9187		0
9188		0
9189		0
9190		0
9191		0
9192		0
9193		0
9194		0
9195		0
9196		0
9197		0
9198		0
9199		0
9200		0
9201		0
9202		0
9203		0
9204		0
9205		0
9206		0
9207		0
9208		0
9209		0
9210		0
9211		0
9212		0
9213		0
9214		0
9215		0
9216		0
9217		0
9218		0
9219		0
9220		0
9221		0
9222		0
9223		0
9224		0
9225		0
9226		0
9227		0
9228		0
9229		0
9230		0
9231		0
9232		0
9233		0
9234		0
9235		0
9236		0
9237		0
9238		0
9239		0
9240		0
9241		0
9242		0
9243		0
9244		0
9245		0
9246		0
9247		0
9248		0
9249		0
9250		0
9251		0
9252		0
9253		0
9254		0
9255		0
9256		0
9257		0
9258		0
9259		0
9260		0
9261		0
9262		0
9263		0
9264		0
9265		0
9266		0
9267		0
9268		0
9269		0
9270		0
9271		0
9272		0
9273		0
9274		0
9275		0
9276		0
9277		0
9278		0
9279		0
9280		0
9281		0
9282		0
9283		0
9284		0
9285		0
9286		0
9287		0
9288		0
9289		0
9290		0
9291		0
9292		0
9293		0
9294		0
9295		0
9296		0
9297		0
9298		0
9299		0
9300		0
9301		0
9302		0
9303		0
9304		0
9305		0
9306		0
9307		0
9308		0
9309		0
9310		0
9311		0
9312		0
9313		0
9314		0
9315		0
9316		0
9317		0
9318		0
9319		0
9320		0
9321		0
9322		0
9323		0
9324		0
9325		0
9326		0
9327		0
9328		0
9329		0
9330		0
9331		0
9332		0
9333		0
9334		0
9335		0
9336		0
9337		0
9338		0
9339		0
9340		0
9341		0
9342		0
9343		0
9344		0
9345		0
9346		0
9347		0
9348		0
9349		0
9350		0
9351		0
9352		0
9353		0
9354		0
9355		0
9356		0
9357		0
9358		0
9359		0
9360		0
9361		0
9362		0
9363		0
9364		0
9365		0
9366		0
9367		0
9368		0
9369		0
9370		0
9371		0
9372		0
9373		0
9374		0
9375		0
9376		0
9377		0
9378		0
9379		0
9380		0
9381		0
9382		0
9383		0
9384		0
9385		0
9386		0
9387		0
9388		0
9389		0
9390		0
9391		0
9392		0
9393		0
9394		0
9395		0
9396		0
9397		0
9398		0
9399		0
9400		0
9401		0
9402		0
9403		0
9404		0
9405		0
9406		0
9407		0
9408		0
9409		0
9410		0
9411		0
9412		0
9413		0
9414		0
9415		0
9416		0
9417		0
9418		0
9419		0
9420		0
9421		0
9422		0
9423		0
9424		0
9425		0
9426		0
9427		0
9428		0
9429		0
9430		0
9431		0
9432		0
9433		0
9434		0
9435		0
9436		0
9437		0
9438		0
9439		0
9440		0
9441		0
9442		0
9443		0
9444		0
9445		0
9446		0
9447		0
9448		0
9449		0
9450		0
9451		0
9452		0
9453		0
9454		0
9455		0
9456		0
9457		0
9458		0
9459		0
9460		0
9461		0
9462		0
9463		0
9464		0
9465		0
9466		0
9467		0
9468		0
9469		0
9470		0
9471		0
9472		0
9473		0
9474		0
9475		0
9476		0
9477		0
9478		0
9479		0
9480		0
9481		0
9482		0
9483		0
9484		0
9485		0
9486		0
9487		0
9488		0
9489		0
9490		0
9491		0
9492		0
9493		0
9494		0
9495		0
9496		0
9497		0
9498		0
9499		0
9500		0
9501		0
9502		0
9503		0
9504		0
9505		0
9506		0
9507		0
9508		0
9509		0
9510		0
9511		0
9512		0
9513		0
9514		0
9515		0
9516		0
9517		0
9518		0
9519		0
9520		0
9521		0
9522		0
9523		0
9524		0
9525		0
9526		0
9527		0
9528		0
9529		0
9530		0
9531		0
9532		0
9533		0
9534		0
9535		0
9536		0
9537		0
9538		0
9539		0
9540		0
9541		0
9542		0
9543		0
9544		0
9545		0
9546		0
9547		0
9548		0
9549		0
9550		0
9551		0
9552		0
9553		0
9554		0
9555		0
9556		0
9557		0
9558		0
9559		0
9560		0
9561		0
9562		0
9563		0
9564		0
9565		0
9566		0
9567		0
9568		0
9569		0
9570		0
9571		0
9572		0
9573		0
9574		0
9575		0
9576		0
9577		0
9578		0
9579		0
9580		0
9581		0
9582		0
9583		0
9584		0
9585		0
9586		0
9587		0
9588		0
9589		0
9590		0
9591		0
9592		0
9593		0
9594		0
9595		0
9596		0
9597		0
9598		0
9599		0
9600		0
9601		0
9602		0
9603		0
9604		0
9605		0
9606		0
9607		0
9608		0
9609		0
9610		0
9611		0
9612		0
9613		0
9614		0
9615		0
9616		0
9617		0
9618		0
9619		0
9620		0
9621		0
9622		0
9623		0
9624		0
9625		0
9626		0
9627		0
9628		0
9629		0
9630		0
9631		0
9632		0
9633		0
9634		0
9635		0
9636		0
9637		0
9638		0
9639		0
9640		0
9641		0
9642		0
9643		0
9644		0
9645		0
9646		0
9647		0
9648		0
9649		0
9650		0
9651		0
9652		0
9653		0
9654		0
9655		0
9656		0
9657		0
9658		0
9659		0
9660		0
9661		0
9662		0
9663		0
9664		0
9665		0
9666		0
9667		0
9668		0
9669		0
9670		0
9671		0
9672		0
9673		0
9674		0
9675		0
9676		0
9677		0
9678		0
9679		0
9680		0
9681		0
9682		0
9683		0
9684		0
9685		0
9686		0
9687		0
9688		0
9689		0
9690		0
9691		0
9692		0
9693		0
9694		0
9695		0
9696		0
9697		0
9698		0
9699		0
9700		0
9701		0
9702		0
9703		0
9704		0
9705		0
9706		0
9707		0
9708		0
9709		0
9710		0
9711		0
9712		0
9713		0
9714		0
9715		0
9716		0
9717		0
9718		0
9719		0
9720		0
9721		0
9722		0
9723		0
9724		0
9725		0
9726		0
9727		0
9728		0
9729		0
9730		0
9731		0
9732		0
9733		0
9734		0
9735		0
9736		0
9737		0
9738		0
9739		0
9740		0
9741		0
9742		0
9743		0
9744		0
9745		0
9746		0
9747		0
9748		0
9749		0
9750		0
9751		0
9752		0
9753		0
9754		0
9755		0
9756		0
9757		0
9758		0
9759		0
9760		0
9761		0
9762		0
9763		0
9764		0
9765		0
9766		0
9767		0
9768		0
9769		0
9770		0
9771		0
9772		0
9773		0
9774		0
9775		0
9776		0
9777		0
9778		0
9779		0
9780		0
9781		0
9782		0
9783		0
9784		0
9785		0
9786		0
9787		0
9788		0
9789		0
9790		0
9791		0
9792		0
9793		0
9794		0
9795		0
9796		0
9797		0
9798		0
9799		0
9800		0
9801		0
9802		0
9803		0
9804		0
9805		0
9806		0
9807		0
9808		0
9809		0
9810		0
9811		0
9812		0
9813		0
9814		0
9815		0
9816		0
9817		0
9818		0
9819		0
9820		0
9821		0
9822		0
9823		0
9824		0
9825		0
9826		0
9827		0
9828		0
9829		0
9830		0
9831		0
9832		0
9833		0
9834		0
9835		0
9836		0
9837		0
9838		0
9839		0
9840		0
9841		0
9842		0
9843		0
9844		0
9845		0
9846		0
9847		0
9848		0
9849		0
9850		0
9851		0
9852		0
9853		0
9854		0
9855		0
9856		0
9857		0
9858		0
9859		0
9860		0
9861		0
9862		0
9863		0
9864		0
9865		0
9866		0
9867		0
9868		0
9869		0
9870		0
9871		0
9872		0
9873		0
9874		0
9875		0
9876		0
9877		0
9878		0
9879		0
9880		0
9881		0
9882		0
9883		0
9884		0
9885		0
9886		0
9887		0
9888		0
9889		0
9890		0
9891		0
9892		0
9893		0
9894		0
9895		0
9896		0
9897		0
9898		0
9899		0
9900		0
9901		0
9902		0
9903		0
9904		0
9905		0
9906		0
9907		0
9908		0
9909		0
9910		0
9911		0
9912		0
9913		0
9914		0
9915		0
9916		0
9917		0
9918		0
9919		0
9920		0
9921		0
9922		0
9923		0
9924		0
9925		0
9926		0
9927		0
9928		0
9929		0
9930		0
9931		0
9932		0
9933		0
9934		0
9935		0
9936		0
9937		0
9938		0
9939		0
9940		0
9941		0
9942		0
9943		0
9944		0
9945		0
9946		0
9947		0
9948		0
9949		0
9950		0
9951		0
9952		0
9953		0
9954		0
9955		0
9956		0
9957		0
9958		0
9959		0
9960		0
9961		0
9962		0
9963		0
9964		0
9965		0
9966		0
9967		0
9968		0
9969		0
9970		0
9971		0
9972		0
9973		0
9974		0
9975		0
9976		0
9977		0
9978		0
9979		0
9980		0
9981		0
9982		0
9983		0
9984		0
9985		0
9986		0
9987		0
9988		0
9989		0
9990		0
9991		0
9992		0
9993		0
9994		0
9995		0
9996		0
9997		0
9998		0
9999		0
10000		0
