Tile	Output		Total no.	Total no.	avg. latency	avg. latency	average
ID	channel		of packets	of flits	per packet	per flit	throughput
							(clock cycles)	(clock cycles)	(Gbps)
0	South		169		507		36.2899		12.0966		2.92345
0	East		918		2754		38.1612		12.7204		15.6522
0	Core		190		570		8		2.66667		3.23864
1	South		198		594		7.50505		2.50168		3.375
1	East		669		2007		7.45889		2.4863		11.431
1	West		0		0		0		0		0
1	Core		254		762		8.58268		2.86089		4.36551
2	South		187		561		7.5615		2.5205		3.2103
2	East		442		1326		7.6629		2.5543		7.56849
2	West		0		0		0		0		0
2	Core		226		678		8.58407		2.86136		3.91455
3	South		163		489		7.67485		2.55828		2.8156
3	East		236		708		7.65678		2.55226		4.05208
3	West		0		0		0		0		0
3	Core		229		687		8.36681		2.78894		3.94544
4	South		194		582		7.94845		2.64948		3.33095
4	West		0		0		0		0		0
4	Core		194		582		8.74227		2.91409		3.31435
5	North		190		570		13.4105		4.47018		3.23864
5	South		560		1680		15.2357		5.07857		9.56856
5	East		904		2712		37.8507		12.6169		15.4091
5	Core		174		522		8.57471		2.85824		2.97436
6	North		203		609		7.56158		2.52053		3.48897
6	South		531		1593		7.78908		2.59636		9.04086
6	East		690		2070		7.48841		2.49614		11.7681
6	West		477		1431		7.57862		2.52621		8.14456
6	Core		233		699		9.66524		3.22175		3.96539
7	North		186		558		13.0484		4.34946		3.22171
7	South		603		1809		13.0232		4.34107		10.3298
7	East		910		2730		17.8209		5.94029		15.5158
7	West		932		2796		17.441		5.81366		15.8819
7	Core		180		540		9.15556		3.05185		3.08836
8	North		186		558		13.9946		4.66487		3.22264
8	South		552		1656		14.2754		4.75845		9.47504
8	East		666		1998		16.3168		5.43894		11.3668
8	West		713		2139		33.6283		11.2094		12.1967
8	Core		173		519		8.50867		2.83622		2.95474
9	North		152		456		7.65789		2.55263		2.59718
9	South		577		1731		7.81282		2.60427		9.80737
9	West		0		0		0		0		0
9	Core		212		636		8.92453		2.97484		3.61466
10	North		100		300		7.92		2.64		1.72315
10	South		373		1119		7.74799		2.58266		6.40985
10	East		0		0		0		0		0
10	Core		222		666		8.54054		2.84685		3.79271
11	North		100		300		7.94		2.64667		1.72315
11	South		361		1083		7.72576		2.57525		6.14642
11	East		0		0		0		0		0
11	West		0		0		0		0		0
11	Core		231		693		8.62338		2.87446		3.97876
12	North		78		234		7.96154		2.65385		1.35574
12	South		402		1206		7.69652		2.56551		6.88258
12	East		0		0		0		0		0
12	West		0		0		0		0		0
12	Core		237		711		8.70886		2.90295		4.06751
13	North		84		252		7.95238		2.65079		1.49555
13	South		369		1107		7.75881		2.58627		6.35476
13	East		0		0		0		0		0
13	West		0		0		0		0		0
13	Core		238		714		9.07563		3.02521		4.11765
14	North		81		243		7.93827		2.64609		1.39495
14	South		371		1113		7.68464		2.56155		6.34369
14	West		0		0		0		0		0
14	Core		246		738		8.35772		2.78591		4.19318
15	North		135		405		7.94815		2.64938		2.32625
15	South		194		582		7.74742		2.58247		3.33333
15	East		0		0		0		0		0
15	Core		229		687		9.1179		3.0393		3.9551
16	North		161		483		7.9441		2.64803		2.74588
16	South		183		549		7.61749		2.53916		3.11578
16	East		0		0		0		0		0
16	West		0		0		0		0		0
16	Core		213		639		8.67606		2.89202		3.68565
17	North		114		342		7.9386		2.6462		1.97118
17	South		206		618		7.73301		2.57767		3.52689
17	East		0		0		0		0		0
17	West		0		0		0		0		0
17	Core		247		741		8.45344		2.81781		4.23792
18	North		139		417		7.92806		2.64269		2.44862
18	South		204		612		7.7451		2.5817		3.5132
18	East		0		0		0		0		0
18	West		0		0		0		0		0
18	Core		204		612		8.76471		2.92157		3.55401
19	North		121		363		7.93388		2.64463		2.08411
19	South		185		555		7.71892		2.57297		3.197
19	West		0		0		0		0		0
19	Core		241		723		8.56432		2.85477		4.12083
20	North		185		555		7.93514		2.64505		3.17143
20	East		0		0		0		0		0
20	Core		242		726		8.89256		2.96419		4.15808
21	North		196		588		7.72449		2.57483		3.34281
21	East		0		0		0		0		0
21	West		233		699		7.74678		2.58226		3.99429
21	Core		227		681		9.19824		3.06608		3.86493
22	North		165		495		7.60606		2.53535		2.82252
22	East		0		0		0		0		0
22	West		473		1419		7.81184		2.60395		8.06708
22	Core		253		759		8.56917		2.85639		4.33157
23	North		178		534		7.37079		2.45693		3.11416
23	East		0		0		0		0		0
23	West		685		2055		7.74599		2.582		11.6828
23	Core		253		759		8.55336		2.85112		4.35706
24	North		176		528		37.1761		12.392		3.02666
24	West		912		2736		37.9024		12.6341		15.5565
24	Core		185		555		8		2.66667		3.197

Overall average latency per channel (in clock cycles per flit) = 4.64343

Overall average latency per channel(in clock cycles per packet) = 13.9303

Overall average latency (in clock cycles per flit) = 60.9072

Total Flits Generated = 16599
Total Flits Received = 16599
